0 0 0 0 0 0 0 0 0 0 0 0 0 0 0 0 0 0 0 0 0 0 0 0 0 0 0 0 0 0 0 0 0 0 0 0 0 0 0 0 0 0 0 0 0 0 0 0 0 0 0 0 0 0 0 0 0 0 0 0 0 0 0 
0 0.000459002 0.00093638 0.00144053 0.00197872 0.0025567 0.00317844 0.00384587 0.00455877 0.00531478 0.00610947 0.00693667 0.00778871 0.00865696 0.00953229 0.0104056 0.0112685 0.0121136 0.0129347 0.0137276 0.0144894 0.0152192 0.0159168 0.0165832 0.0172192 0.0178253 0.0184008 0.0189437 0.0194497 0.0199123 0.0203233 0.0206725 0.0209484 0.0211391 0.021233 0.0212196 0.0210905 0.0208397 0.0204646 0.019966 0.0193483 0.0186194 0.0177903 0.0168746 0.0158877 0.0148467 0.0137688 0.0126712 0.0115704 0.0104812 0.0094168 0.00838794 0.00740296 0.00646755 0.00558471 0.00475484 0.00397584 0.00324334 0.00255092 0.00189044 0.00125234 0.00062597 0 
0 0.000936074 0.00190855 0.00293415 0.00402728 0.00519927 0.00645782 0.00780652 0.00924465 0.0107672 0.012365 0.0140254 0.0157331 0.0174706 0.0192198 0.0209629 0.0226834 0.024367 0.0260025 0.0275822 0.0291018 0.03056 0.0319582 0.0332989 0.0345847 0.0358173 0.0369955 0.0381147 0.0391658 0.040135 0.041004 0.041751 0.0423511 0.0427786 0.0430084 0.0430181 0.0427892 0.042309 0.0415716 0.0405786 0.039339 0.0378692 0.0361919 0.0343353 0.0323317 0.0302159 0.0280239 0.025791 0.0235509 0.0213342 0.0191679 0.0170739 0.0150692 0.0131654 0.0113686 0.00967945 0.00809381 0.0066027 0.00519308 0.00384842 0.0025493 0.00127416 0 
0 0.00143919 0.00293235 0.00450448 0.00617699 0.00796656 0.00988429 0.011935 0.0141169 0.0164218 0.0188354 0.0213381 0.0239062 0.0265135 0.029133 0.0317382 0.0343054 0.0368146 0.0392509 0.0416048 0.0438726 0.0460551 0.0481569 0.0501845 0.0521439 0.0540388 0.0558681 0.0576243 0.0592924 0.0608492 0.0622639 0.0634994 0.0645142 0.065265 0.0657099 0.0658109 0.0655373 0.0648677 0.063792 0.0623122 0.0604423 0.0582084 0.0556467 0.0528021 0.0497257 0.0464726 0.0430994 0.0396617 0.0362124 0.0327994 0.0294641 0.026241 0.0231563 0.0202276 0.0174643 0.0148674 0.0124302 0.0101389 0.00797334 0.00590804 0.00391316 0.00195558 0 
0 0.00197499 0.00402087 0.00617086 0.00845317 0.0108895 0.0134938 0.0162715 0.0192191 0.0223243 0.0255667 0.0289191 0.032349 0.0358211 0.0392992 0.0427492 0.0461408 0.0494501 0.0526606 0.0557641 0.0587603 0.0616556 0.0644616 0.0671916 0.0698578 0.0724678 0.0750213 0.0775076 0.0799038 0.0821742 0.0842715 0.086138 0.0877099 0.0889205 0.0897052 0.090006 0.0897756 0.088981 0.0876064 0.0856535 0.0831428 0.0801115 0.0766121 0.0727093 0.0684766 0.063993 0.0593391 0.0545942 0.0498326 0.0451218 0.0405201 0.0360753 0.0318235 0.0277893 0.0239852 0.0204125 0.0170614 0.0139126 0.0109384 0.00810322 0.00536604 0.00268118 0 
0 0.00254834 0.00518355 0.00794692 0.0108732 0.0139884 0.0173088 0.0208394 0.0245739 0.0284948 0.0325745 0.036777 0.0410604 0.0453795 0.0496896 0.0539491 0.0581232 0.0621862 0.0661235 0.0699319 0.0736195 0.0772034 0.0807071 0.0841557 0.0875714 0.0909685 0.0943489 0.0976978 0.100982 0.104149 0.107127 0.109833 0.11217 0.11404 0.115349 0.116009 0.115952 0.115129 0.113516 0.111114 0.107951 0.104079 0.0995707 0.0945148 0.0890125 0.0831719 0.0771025 0.0709114 0.0646986 0.0585543 0.0525558 0.046766 0.0412325 0.0359869 0.0310452 0.0264083 0.0220632 0.0179841 0.0141342 0.0104674 0.00692975 0.00346173 0 
0 0.00316189 0.0064253 0.00983929 0.0134445 0.0172707 0.0213351 0.0256414 0.0301787 0.0349228 0.0398375 0.0448766 0.0499875 0.055115 0.0602056 0.0652118 0.0700963 0.0748352 0.0794201 0.083859 0.0881747 0.0924026 0.0965849 0.100766 0.104983 0.109262 0.113608 0.118001 0.122395 0.126712 0.130851 0.134687 0.138083 0.140896 0.142987 0.144233 0.144535 0.143821 0.142058 0.139245 0.135421 0.130655 0.125045 0.118713 0.111794 0.104432 0.0967717 0.0889551 0.0811124 0.0733604 0.0657989 0.0585081 0.0515482 0.0449586 0.0387586 0.0329486 0.027511 0.0224126 0.0176063 0.0130334 0.00862558 0.00430776 0 
0 0.00381571 0.0077458 0.0118465 0.0161634 0.0207288 0.0255598 0.0306563 0.0360015 0.0415624 0.0472918 0.0531317 0.0590176 0.0648834 0.0706675 0.0763179 0.0817979 0.0870901 0.0921989 0.0971512 0.101994 0.106791 0.111613 0.116533 0.121612 0.126893 0.132388 0.13807 0.143873 0.149689 0.155369 0.160737 0.165595 0.169739 0.17297 0.175115 0.176031 0.175619 0.173829 0.170662 0.166168 0.160441 0.153615 0.145849 0.137325 0.128233 0.118761 0.109092 0.099395 0.0898183 0.0804876 0.0715033 0.0629398 0.0548448 0.0472409 0.0401269 0.0334796 0.0272568 0.0213991 0.0158331 0.0104743 0.00522947 0 
0 0.00450706 0.00913895 0.013958 0.0190136 0.024339 0.0299486 0.035837 0.0419785 0.0483284 0.0548264 0.0614001 0.0679713 0.0744625 0.0808042 0.0869424 0.0928451 0.0985076 0.103956 0.109246 0.114463 0.11971 0.125104 0.130758 0.136769 0.143204 0.150084 0.157378 0.164991 0.172771 0.180509 0.187951 0.194816 0.200816 0.205671 0.209136 0.211012 0.211161 0.209513 0.206069 0.200898 0.194128 0.185937 0.17654 0.166173 0.155086 0.143524 0.131722 0.119893 0.108225 0.0968734 0.0859626 0.0755822 0.0657892 0.0566087 0.0480368 0.0400432 0.0325741 0.0255556 0.0188974 0.0124957 0.00623668 0 
0 0.00523023 0.0105926 0.0161541 0.0219659 0.02806 0.0344457 0.0411088 0.0480116 0.0550944 0.0622801 0.0694792 0.0765976 0.0835452 0.0902455 0.096645 0.102722 0.108493 0.114016 0.119392 0.124758 0.130279 0.136134 0.142497 0.149514 0.15729 0.165863 0.17519 0.185143 0.195507 0.205987 0.216226 0.225828 0.234386 0.24151 0.246856 0.25015 0.251201 0.249915 0.246297 0.240439 0.232519 0.222773 0.211489 0.198979 0.185567 0.171569 0.157285 0.142984 0.128899 0.115224 0.102107 0.0896567 0.0779386 0.0669798 0.0567719 0.0472747 0.0384205 0.0301178 0.0222561 0.0147089 0.00733872 0 
0 0.0059765 0.0120885 0.0184054 0.0249779 0.0318334 0.0389728 0.0463693 0.0539687 0.0616921 0.0694412 0.0771055 0.0845721 0.0917369 0.0985172 0.104863 0.11077 0.116286 0.121516 0.126624 0.131823 0.137363 0.143511 0.150525 0.158628 0.167974 0.178625 0.190531 0.203516 0.217279 0.231407 0.245399 0.258702 0.270745 0.280986 0.288949 0.294257 0.296651 0.296009 0.29234 0.285777 0.276561 0.265014 0.251517 0.236481 0.220328 0.203464 0.186269 0.16908 0.152186 0.135823 0.120169 0.105351 0.0914431 0.0784728 0.0664246 0.0552455 0.04485 0.0351255 0.0259369 0.0171318 0.00854429 0 
0 0.00673431 0.0136025 0.0206738 0.0279947 0.0355843 0.0434308 0.0514897 0.059685 0.067913 0.0760486 0.0839555 0.091498 0.098556 0.105041 0.11091 0.116184 0.120955 0.125395 0.129753 0.134347 0.139544 0.145735 0.153299 0.16256 0.17375 0.186968 0.202152 0.219064 0.237289 0.256251 0.275252 0.29352 0.310261 0.324726 0.336259 0.344345 0.348641 0.348988 0.345411 0.3381 0.327388 0.313711 0.297577 0.279528 0.260111 0.239846 0.219213 0.198632 0.178457 0.158972 0.140391 0.122857 0.106454 0.0912053 0.0770855 0.0640241 0.0519137 0.0406156 0.0299657 0.0197804 0.00986127 0 
0 0.00748952 0.0151055 0.0229129 0.0309503 0.0392234 0.0477021 0.0563181 0.0649669 0.0735129 0.0817974 0.0896516 0.096912 0.103439 0.109138 0.113977 0.118012 0.121395 0.124384 0.127346 0.13074 0.135094 0.14097 0.14891 0.159387 0.172741 0.189128 0.208479 0.230471 0.254535 0.279875 0.305522 0.330401 0.353417 0.373535 0.389858 0.401693 0.408583 0.410333 0.406997 0.39885 0.386356 0.370107 0.350783 0.329098 0.305757 0.281427 0.25671 0.232126 0.208105 0.184988 0.163021 0.14237 0.123121 0.105292 0.0888403 0.0736744 0.0596583 0.0466214 0.0343651 0.022669 0.0112964 0 
0 0.00822594 0.016564 0.0250703 0.03377 0.0426498 0.0516542 0.0606838 0.0695975 0.0782188 0.0863468 0.0937718 0.100295 0.105753 0.110042 0.113147 0.115166 0.116328 0.117007 0.117723 0.119121 0.121949 0.126997 0.135038 0.14675 0.162632 0.182926 0.207558 0.236102 0.26778 0.301497 0.335911 0.369538 0.400865 0.42847 0.451136 0.46793 0.478259 0.481887 0.478924 0.469775 0.455086 0.435667 0.412428 0.386305 0.358211 0.328993 0.299403 0.27008 0.241543 0.214192 0.188311 0.16408 0.141588 0.120838 0.101767 0.0842527 0.0681235 0.0531704 0.0391534 0.0258086 0.0128551 0 
0 0.00892597 0.0179417 0.0270891 0.0363732 0.0457549 0.0551453 0.0644048 0.0733455 0.0817396 0.0893327 0.0958634 0.101088 0.104811 0.106918 0.107409 0.106435 0.104322 0.101589 0.098952 0.0973043 0.0976781 0.101178 0.108894 0.12179 0.140592 0.165676 0.196978 0.23394 0.275508 0.32018 0.366107 0.41124 0.453497 0.490933 0.521896 0.545145 0.559917 0.565946 0.563436 0.552988 0.535507 0.512104 0.483994 0.452405 0.418515 0.383394 0.347974 0.313033 0.279188 0.246903 0.216498 0.188165 0.161984 0.137938 0.115932 0.0958041 0.0773399 0.0602827 0.044343 0.0292065 0.0145405 0 
0 0.00957143 0.0192014 0.0289107 0.0386776 0.0484282 0.0580311 0.0672958 0.0759758 0.0837792 0.0903842 0.095464 0.0987168 0.0999037 0.0988908 0.0956941 0.0905232 0.083819 0.0762795 0.068868 0.062795 0.0594697 0.0604162 0.0671546 0.0810543 0.10317 0.134082 0.173763 0.221496 0.275861 0.334806 0.395789 0.455986 0.512535 0.56278 0.604489 0.636018 0.656402 0.665369 0.663282 0.651031 0.629896 0.601397 0.567159 0.52879 0.487797 0.445525 0.403121 0.361517 0.32144 0.283417 0.247798 0.214776 0.184414 0.156662 0.13138 0.108357 0.0873245 0.0679677 0.049939 0.032865 0.0163536 0 
0 0.0101445 0.0203065 0.0304785 0.0406031 0.0505628 0.0601728 0.0691793 0.0772636 0.0840538 0.0891446 0.0921258 0.0926198 0.0903285 0.0850858 0.0769153 0.0660883 0.053176 0.0390888 0.0250943 0.012803 0.0041125 0.00110408 0.00588671 0.0203963 0.0461653 0.0840899 0.13423 0.195682 0.266549 0.344035 0.424646 0.504497 0.579651 0.646482 0.701984 0.743994 0.771314 0.783708 0.781808 0.766937 0.740907 0.7058 0.663784 0.616956 0.567235 0.516294 0.465525 0.416036 0.368662 0.323988 0.282383 0.244027 0.208948 0.177049 0.148132 0.12192 0.0980769 0.0762212 0.0559361 0.0367797 0.0182919 0 
0 0.0106287 0.0212237 0.0317405 0.0420775 0.0520628 0.0614463 0.0698973 0.077009 0.0823116 0.085296 0.0854467 0.0822877 0.0754385 0.06468 0.0500279 0.0318089 0.0107326 -0.0120486 -0.0349044 -0.0557302 -0.0720041 -0.0809109 -0.0795416 -0.0651648 -0.0355517 0.0106835 0.0737811 0.152631 0.244717 0.346236 0.452391 0.557822 0.657118 0.745326 0.818397 0.873506 0.909198 0.925364 0.923071 0.904293 0.871594 0.827828 0.775879 0.718463 0.658006 0.596563 0.535803 0.477014 0.421134 0.368792 0.320353 0.275966 0.235603 0.199095 0.16617 0.136469 0.109574 0.0850223 0.0623172 0.0409385 0.0203491 0 
0 0.0110103 0.0219249 0.0326539 0.0430414 0.0528502 0.0617522 0.0693245 0.0750545 0.0783545 0.0785873 0.075106 0.0673065 0.0546947 0.0369677 0.0141052 -0.013531 -0.0450982 -0.0791837 -0.113741 -0.146072 -0.172869 -0.190363 -0.19456 -0.181612 -0.148271 -0.0923895 -0.013384 0.0874337 0.206747 0.339389 0.478763 0.617466 0.748035 0.863694 0.958997 1.03027 1.0758 1.09578 1.09196 1.06729 1.0254 0.970211 0.90553 0.834854 0.761206 0.687082 0.614441 0.544745 0.479014 0.417893 0.361715 0.310563 0.264325 0.22274 0.185433 0.151947 0.121765 0.0943291 0.0690502 0.0453197 0.0225143 0 
0 0.0112789 0.0223895 0.0331877 0.0434533 0.0528724 0.0610252 0.067381 0.0713025 0.0720609 0.0688645 0.060903 0.0474075 0.0277297 0.00143835 -0.0315676 -0.0709316 -0.115706 -0.164222 -0.213981 -0.261593 -0.302793 -0.332578 -0.3455 -0.33614 -0.29975 -0.232994 -0.134666 -0.00622921 0.147977 0.320934 0.503542 0.685545 0.856616 1.00745 1.13072 1.22168 1.2784 1.30164 1.29429 1.26073 1.20613 1.13581 1.05479 0.967532 0.877741 0.788384 0.701708 0.619319 0.542279 0.4712 0.40634 0.347676 0.294977 0.247853 0.205805 0.168255 0.134568 0.104076 0.0760861 0.0498908 0.024771 0 
0 0.0114287 0.0226067 0.0333266 0.0432944 0.0521082 0.0592433 0.064045 0.0657315 0.0634085 0.0561003 0.0427966 0.0225202 -0.00558381 -0.042135 -0.0873814 -0.14104 -0.202121 -0.268742 -0.337952 -0.4056 -0.466281 -0.513438 -0.539679 -0.537383 -0.499587 -0.421097 -0.299607 -0.136591 0.0623154 0.28756 0.526553 0.765015 0.988591 1.18446 1.34273 1.45729 1.52618 1.55115 1.53693 1.49004 1.4178 1.32744 1.22552 1.1176 1.00817 0.900658 0.797556 0.700547 0.610664 0.528422 0.453939 0.387034 0.327312 0.274221 0.227106 0.185242 0.147861 0.114169 0.0833572 0.0546075 0.0270975 0 
0 0.0114592 0.0225764 0.033073 0.0425722 0.0505736 0.0564353 0.0593628 0.0584103 0.0524939 0.0404217 0.0209439 -0.00717576 -0.0450618 -0.0935994 -0.153276 -0.223987 -0.30481 -0.393751 -0.487474 -0.581053 -0.667793 -0.739226 -0.7854 -0.795609 -0.75962 -0.669325 -0.52053 -0.314418 -0.0582494 0.234945 0.547661 0.859929 1.15169 1.4052 1.60703 1.74942 1.83061 1.85422 1.82779 1.76108 1.66445 1.54763 1.41906 1.2856 1.1525 1.02359 0.901497 0.787868 0.683602 0.589021 0.504025 0.428211 0.360966 0.301538 0.249083 0.202707 0.161487 0.124489 0.0907761 0.0594129 0.0294655 0 
0 0.0113756 0.0223106 0.0324487 0.0413226 0.0483249 0.052685 0.0534555 0.0495085 0.0395467 0.0221313 -0.0042689 -0.0412043 -0.0901415 -0.152326 -0.228604 -0.319196 -0.423423 -0.539364 -0.663469 -0.790131 -0.9113 -1.01624 -1.0917 -1.12267 -1.09411 -0.993368 -0.813072 -0.553551 -0.224083 0.157506 0.566777 0.975687 1.3561 1.6833 1.93903 2.11348 2.20568 2.22237 2.17557 2.0798 1.94965 1.79814 1.63594 1.47124 1.30998 1.1562 1.01248 0.880261 0.760157 0.652171 0.555888 0.470609 0.395446 0.329402 0.271413 0.220393 0.175245 0.134884 0.0982355 0.0642379 0.0318412 0 
0 0.0111886 0.0218333 0.0314951 0.0396107 0.045459 0.0481331 0.0465214 0.0392996 0.0249368 0.00171886 -0.0322066 -0.0787603 -0.139829 -0.217125 -0.312 -0.425194 -0.556514 -0.704407 -0.865426 -1.03356 -1.19949 -1.34995 -1.46749 -1.53126 -1.51916 -1.41159 -1.19597 -0.870817 -0.447882 0.0484012 0.583848 1.11902 1.61438 2.03544 2.35731 2.56766 2.66729 2.66806 2.58891 2.45135 2.27578 2.07936 1.87528 1.67296 1.47875 1.29661 1.12875 0.976167 0.838981 0.716733 0.608584 0.513454 0.430126 0.357311 0.2937 0.237989 0.188899 0.145178 0.10561 0.0690018 0.0341848 0 
0 0.0109146 0.0211801 0.030272 0.0375285 0.0421115 0.0429733 0.0388319 0.0281573 0.00917035 -0.0201404 -0.0619826 -0.118698 -0.19267 -0.28619 -0.401277 -0.539421 -0.701232 -0.885942 -1.09071 -1.30961 -1.53244 -1.74327 -1.91956 -2.0326 -2.05028 -1.94258 -1.68879 -1.28413 -0.743299 -0.0997465 0.59885 1.29725 1.94013 2.47947 2.88136 3.13043 3.23077 3.20232 3.07437 2.8784 2.64263 2.38926 2.1341 1.88748 1.65563 1.44191 1.24778 1.07344 0.918289 0.78125 0.660934 0.555804 0.464254 0.384674 0.315481 0.25514 0.202176 0.15517 0.112757 0.0736141 0.0364523 0 
0 0.0105745 0.0203959 0.0288547 0.0351911 0.0384506 0.037445 0.0307217 0.0165422 -0.00712638 -0.0426053 -0.0924793 -0.15955 -0.246761 -0.357086 -0.493372 -0.658106 -0.853066 -1.07879 -1.33371 -1.61279 -1.90558 -2.19367 -2.44861 -2.63155 -2.69664 -2.59901 -2.3059 -1.80716 -1.12097 -0.292739 0.611783 1.51619 2.34397 3.02903 3.52544 3.81437 3.90519 3.82986 3.63248 3.35821 3.04537 2.72206 2.40652 2.10931 1.83578 1.58802 1.36618 1.16932 0.995876 0.843964 0.711549 0.596565 0.496978 0.410828 0.336243 0.271453 0.214781 0.164642 0.119524 0.0779777 0.0385963 0 
0 0.0101924 0.0195327 0.0273298 0.0327301 0.0346679 0.0318205 0.022571 0.00497905 -0.0232371 -0.0647065 -0.122396 -0.199584 -0.299813 -0.426813 -0.584391 -0.776251 -1.0057 -1.27514 -1.58506 -1.93229 -2.30708 -2.68908 -3.04332 -3.31856 -3.45121 -3.37656 -3.04528 -2.43942 -1.58112 -0.530836 0.622659 1.77611 2.82613 3.68362 4.28755 4.61512 4.68345 4.54103 4.25178 3.87854 3.472 3.06673 2.68292 2.33039 2.01263 1.72965 1.47977 1.26054 1.06918 0.902885 0.758885 0.634543 0.527375 0.435061 0.355443 0.286513 0.226404 0.173367 0.125753 0.0819918 0.0405677 0 
0 0.00979446 0.0186463 0.0257898 0.0302857 0.030967 0.0263885 0.014783 -0.00597513 -0.0383984 -0.0854045 -0.150325 -0.236902 -0.349276 -0.491957 -0.669776 -0.887801 -1.15114 -1.46451 -1.83119 -2.25083 -2.71547 -3.20361 -3.67361 -4.06018 -4.27863 -4.23997 -3.87423 -3.15339 -2.10377 -0.803534 0.631493 2.06653 3.36666 4.41572 5.13497 5.49737 5.53012 5.3023 4.90207 4.41336 3.90087 3.40581 2.94952 2.54001 2.17793 1.86051 1.58376 1.34343 1.13542 0.955888 0.801318 0.668497 0.554498 0.456653 0.372531 0.299907 0.236736 0.18112 0.131287 0.0855569 0.0423182 0 
0 0.00940665 0.0177923 0.0243266 0.0279968 0.0275492 0.021434 0.00775592 -0.0157693 -0.0518526 -0.103663 -0.174852 -0.269577 -0.392526 -0.548938 -0.744638 -0.986056 -1.28018 -1.63424 -2.05471 -2.5447 -3.09892 -3.69552 -4.2867 -4.79275 -5.10653 -5.11266 -4.71846 -3.88449 -2.64122 -1.08549 0.638297 2.36213 3.91787 5.16076 5.99338 6.38452 6.37277 6.04992 5.53047 4.92081 4.30001 3.71545 3.18877 2.72533 2.32228 1.9737 1.67306 1.41423 1.19177 1.00085 0.837254 0.697223 0.577432 0.474909 0.386984 0.311241 0.245483 0.187688 0.135977 0.0885792 0.0438024 0 
0 0.00905309 0.017022 0.023025 0.0259912 0.0245992 0.0172179 0.0018536 -0.0239003 -0.0629075 -0.118531 -0.194673 -0.295821 -0.4271 -0.59435 -0.804229 -1.06435 -1.38336 -1.77081 -2.2362 -2.78609 -3.41805 -4.11055 -4.81072 -5.42612 -5.82912 -5.87998 -5.46476 -4.53326 -3.11952 -1.33729 0.64307 2.6235 4.40581 5.81928 6.74957 7.16188 7.10558 6.69368 6.06506 5.34654 4.62995 3.9677 3.38112 2.87268 2.43609 2.06239 1.74274 1.46936 1.23561 1.03584 0.865244 0.719633 0.595361 0.489214 0.398336 0.320165 0.252386 0.192881 0.139691 0.0909758 0.0449799 0 
0 0.00875422 0.016379 0.0219564 0.0243761 0.0222709 0.013957 -0.00262316 -0.0299533 -0.0709933 -0.129228 -0.208717 -0.314155 -0.45095 -0.625332 -0.844512 -1.1169 -1.4523 -1.8619 -2.35738 -2.94787 -3.63318 -4.39223 -5.16887 -5.86179 -6.32885 -6.41289 -5.9847 -4.98625 -3.45404 -1.51379 0.645797 2.80546 4.7458 6.27776 7.27503 7.70037 7.61093 7.13503 6.42894 5.63401 4.8509 4.13534 3.50817 2.96963 2.51085 2.1207 1.78868 1.50585 1.26477 1.05927 0.884109 0.734844 0.60762 0.499066 0.406209 0.326395 0.257234 0.196547 0.142323 0.0926787 0.0458178 0 
0 0.00852528 0.0158954 0.0211736 0.0232297 0.020676 0.0118065 -0.00546068 -0.0336366 -0.0757132 -0.135213 -0.216246 -0.32357 -0.462681 -0.639933 -0.86272 -1.13972 -1.48113 -1.89874 -2.40499 -3.00996 -3.71428 -4.49712 -5.30115 -6.02187 -6.5119 -6.60774 -6.17461 -5.15164 -3.5762 -1.57839 0.646448 2.87135 4.86922 6.44435 7.46608 7.89627 7.79495 7.296 6.56205 5.73969 4.93279 4.19821 3.5566 3.00734 2.54064 2.14455 1.80801 1.52166 1.2778 1.07004 0.893045 0.742255 0.613752 0.504119 0.41034 0.329731 0.259876 0.198575 0.143796 0.0936393 0.0462925 0 
0 0.00837527 0.0155901 0.0207066 0.0225959 0.0198754 0.0108488 -0.00654936 -0.0348058 -0.0768775 -0.136239 -0.216934 -0.323634 -0.461714 -0.637368 -0.857766 -1.13127 -1.46764 -1.87802 -2.37403 -2.96478 -3.65004 -4.40872 -5.18465 -5.87653 -6.34223 -6.42462 -5.99453 -4.99398 -3.45953 -1.51696 0.644978 2.80695 4.74949 6.28351 7.28264 7.70959 7.62153 7.14672 6.44145 5.64706 4.86424 4.14872 3.52138 2.98248 2.52319 2.13239 1.79964 1.51601 1.27409 1.06772 0.891702 0.741591 0.613546 0.504204 0.410597 0.330071 0.260234 0.198906 0.144068 0.0938304 0.0463906 0 
0 0.00830636 0.0154673 0.0205614 0.0224817 0.0198756 0.011088 -0.00589107 -0.0334738 -0.0745181 -0.132368 -0.210892 -0.314532 -0.448351 -0.618116 -0.830404 -1.09273 -1.41366 -1.80265 -2.2691 -2.81951 -3.45139 -4.14316 -4.84194 -5.45529 -5.85562 -5.90323 -5.48428 -4.54864 -3.13048 -1.34366 0.641329 2.62631 4.41297 5.83049 6.76445 7.17998 7.12637 6.71665 6.08964 5.37221 4.65619 3.99403 3.40711 2.89797 2.46038 2.08543 1.76434 1.48938 1.25396 1.05251 0.880211 0.732933 0.607044 0.499346 0.406989 0.327415 0.258305 0.197535 0.143133 0.0932484 0.0461102 0 
0 0.00831394 0.0155167 0.0207196 0.022857 0.0206294 0.0124511 -0.00359642 -0.0298063 -0.0688809 -0.123961 -0.198651 -0.297039 -0.423723 -0.583836 -0.78308 -1.02775 -1.32471 -1.68104 -2.10308 -2.59386 -3.14798 -3.74353 -4.33268 -4.83576 -5.14562 -5.14702 -4.74734 -3.90732 -2.65758 -1.09513 0.635442 2.36594 3.92808 5.17691 6.01492 6.41078 6.403 6.08335 5.56629 4.95823 4.33829 3.75389 3.22674 2.76229 2.35778 2.00738 1.70463 1.44351 1.21863 1.02524 0.859165 0.716699 0.594545 0.489753 0.399664 0.321868 0.254161 0.194511 0.141025 0.0919127 0.0454605 0 
0 0.00838723 0.0157147 0.0211412 0.0236589 0.0220413 0.0147969 0.000127786 -0.0241031 -0.0603974 -0.111637 -0.181092 -0.272415 -0.389633 -0.537115 -0.719537 -0.941794 -1.20882 -1.52516 -1.89391 -2.31459 -2.77914 -3.26596 -3.73339 -4.11614 -4.32958 -4.28481 -3.91204 -3.1834 -2.12543 -0.816527 0.62726 2.07091 3.3793 4.43606 5.16229 5.5308 5.5687 5.34504 4.94792 4.46132 3.94996 3.45514 2.99828 2.58751 2.22357 1.90382 1.62439 1.38112 1.17001 0.987304 0.829555 0.693605 0.576566 0.475802 0.388895 0.313625 0.247941 0.189934 0.137809 0.0898645 0.0444612 0 
0 0.0085104 0.0160272 0.0217683 0.0247974 0.0239774 0.0179292 0.00499884 -0.0167681 -0.0496407 -0.0962057 -0.159356 -0.242263 -0.348332 -0.481127 -0.644266 -0.841247 -1.07517 -1.34821 -1.66068 -2.00922 -2.38395 -2.76442 -3.11563 -3.38633 -3.51302 -3.43109 -3.0914 -2.47623 -1.60793 -0.547258 0.61674 1.78053 2.84047 3.70721 4.31954 4.65447 4.72903 4.59164 4.30617 3.9355 3.53037 3.12544 2.741 2.38701 2.06706 1.78134 1.52828 1.30556 1.11053 0.940457 0.79267 0.664598 0.553805 0.458005 0.375058 0.302964 0.239847 0.183944 0.133583 0.0871642 0.0431416 0 
0 0.00866402 0.0164121 0.0225303 0.026164 0.0262765 0.0216149 0.0106837 -0.00827228 -0.037272 -0.0785888 -0.134723 -0.208356 -0.302273 -0.41926 -0.561947 -0.732585 -0.932711 -1.16262 -1.42052 -1.70118 -1.99397 -2.2804 -2.53195 -2.70979 -2.76813 -2.66226 -2.35961 -1.85027 -1.15271 -0.31264 0.603861 1.52007 2.35919 3.05483 3.56086 3.85824 3.95622 3.88668 3.69369 3.42243 3.11126 2.78841 2.47222 2.17341 1.89747 1.64663 1.42123 1.22045 1.04285 0.886679 0.749983 0.630776 0.52708 0.436974 0.358608 0.290218 0.230123 0.176718 0.128467 0.0838879 0.0415381 0 
0 0.00882669 0.0168233 0.0233501 0.0276401 0.0287643 0.025603 0.0168264 0.000885348 -0.0239845 -0.0597426 -0.108505 -0.172479 -0.253878 -0.354784 -0.476978 -0.621692 -0.789267 -0.978671 -1.18681 -1.40755 -1.63048 -1.83958 -2.01225 -2.11977 -2.13012 -2.01344 -1.74922 -1.33296 -0.779665 -0.123125 0.588631 1.30002 1.95537 2.50639 2.91889 3.17732 3.2856 3.26359 3.14055 2.94797 2.71414 2.46136 2.20559 1.95729 1.72288 1.50587 1.3079 1.12932 0.969674 0.828006 0.703035 0.593304 0.497274 0.413374 0.340046 0.275765 0.219048 0.168457 0.122601 0.0801226 0.039693 0 
0 0.0089768 0.0172143 0.0241496 0.0291065 0.0312658 0.0296431 0.0230746 0.010215 -0.0104519 -0.0405852 -0.08194 -0.136296 -0.205355 -0.290609 -0.393154 -0.513455 -0.651031 -0.804044 -0.968779 -1.13899 -1.30516 -1.4539 -1.56769 -1.62569 -1.60587 -1.4888 -1.26214 -0.924676 -0.48849 0.0216219 0.571099 1.12013 1.62883 2.06239 2.39565 2.61605 2.72423 2.73198 2.65817 2.52434 2.35096 2.15529 1.95066 1.74667 1.54983 1.36428 1.19242 1.0354 0.893499 0.766385 0.65333 0.553345 0.465278 0.387888 0.319893 0.259996 0.206913 0.159374 0.116133 0.0759625 0.037652 0 
0 0.00909406 0.0175414 0.0248559 0.0304515 0.0336178 0.0335025 0.0291027 0.0192675 0.00271417 -0.0219398 -0.0561249 -0.101245 -0.158576 -0.229131 -0.313494 -0.411596 -0.522457 -0.643859 -0.771969 -0.900935 -1.0225 -1.1258 -1.19749 -1.22259 -1.18612 -1.07561 -0.883913 -0.611653 -0.26845 0.127495 0.551354 0.974697 1.36902 1.70928 1.97693 2.16192 2.26313 2.28718 2.24606 2.15431 2.02657 1.87598 1.71335 1.54704 1.38316 1.22596 1.07819 0.941463 0.816544 0.703576 0.602261 0.51199 0.431947 0.361181 0.29866 0.243304 0.194015 0.149686 0.109214 0.0715039 0.0354621 0 
0 0.00916088 0.0177665 0.0254052 0.0315779 0.0356781 0.0369793 0.0346295 0.0276582 0.0149953 -0.00449485 -0.0319601 -0.0684882 -0.115009 -0.172174 -0.240198 -0.318685 -0.406403 -0.501055 -0.599016 -0.695102 -0.782413 -0.852331 -0.894831 -0.899207 -0.855308 -0.755189 -0.594889 -0.37589 -0.105798 0.201976 0.529532 0.856507 1.16247 1.42933 1.64337 1.7966 1.88708 1.91831 1.89781 1.83533 1.7413 1.62557 1.49672 1.36177 1.22616 1.09391 0.967815 0.84971 0.740647 0.641087 0.551047 0.470219 0.39806 0.333869 0.27683 0.226062 0.180636 0.139602 0.101994 0.0668417 0.0331694 0 
0 0.00916331 0.0178594 0.0257466 0.0324074 0.0373325 0.0399115 0.0394307 0.0350823 0.0259848 0.0112176 -0.0101288 -0.0388835 -0.0757078 -0.120986 -0.174697 -0.236263 -0.304384 -0.376872 -0.450487 -0.520818 -0.582249 -0.628073 -0.650818 -0.64286 -0.597316 -0.509148 -0.376284 -0.20049 0.0122536 0.252017 0.505815 0.758977 0.996773 1.20604 1.37659 1.50209 1.58037 1.61311 1.60495 1.56245 1.49298 1.40388 1.30184 1.1926 1.08082 0.970119 0.863165 0.761815 0.667257 0.580145 0.500712 0.428872 0.364302 0.306499 0.25484 0.208611 0.167041 0.12932 0.0946126 0.062066 0.0308182 0 
0 0.00909169 0.0177988 0.0258439 0.0328841 0.0384988 0.0421821 0.0433443 0.0413213 0.0353952 0.0248275 0.00890612 -0.0129933 -0.0413294 -0.0763028 -0.117749 -0.165021 -0.216867 -0.271315 -0.325579 -0.376014 -0.418142 -0.446809 -0.456485 -0.441744 -0.397912 -0.321804 -0.212438 -0.071562 0.0961495 0.283307 0.480427 0.676866 0.861929 1.02598 1.1614 1.26319 1.32927 1.36027 1.35904 1.32996 1.27825 1.20935 1.1284 1.04002 0.948092 0.855765 0.765459 0.678946 0.597441 0.521691 0.452067 0.388637 0.331242 0.279542 0.233068 0.191254 0.153465 0.119019 0.0871967 0.0572589 0.0284489 0 
0 0.00894086 0.017573 0.0256765 0.0329753 0.0391274 0.0437201 0.0462719 0.0462429 0.0430546 0.0361202 0.0248866 0.00888852 -0.0121851 -0.0384144 -0.0695628 -0.104987 -0.143549 -0.183542 -0.222639 -0.257889 -0.285782 -0.302393 -0.303648 -0.285688 -0.245331 -0.180571 -0.0910372 0.0216856 0.15396 0.300263 0.453627 0.606278 0.750397 0.878881 0.986003 1.06786 1.12256 1.15018 1.15244 1.13227 1.09337 1.03973 0.975299 0.903724 0.828193 0.751368 0.675377 0.601841 0.531926 0.466406 0.405722 0.350047 0.299338 0.25338 0.211831 0.174247 0.140111 0.108852 0.0798588 0.0524933 0.0260973 0 
0 0.00871005 0.0171796 0.0252389 0.0326704 0.0392009 0.0444982 0.0481741 0.0497945 0.0488973 0.0450195 0.0377344 0.0266973 0.0117013 -0.00726046 -0.0299276 -0.0557047 -0.0836 -0.112179 -0.139541 -0.163341 -0.180856 -0.189123 -0.185151 -0.166193 -0.130079 -0.0755556 -0.00257919 0.0874836 0.191813 0.30627 0.425707 0.544409 0.656626 0.757095 0.841497 0.906784 0.951335 0.974929 0.978581 0.964263 0.934584 0.892484 0.840963 0.78288 0.720808 0.656965 0.593177 0.530879 0.471148 0.414733 0.362104 0.313493 0.268936 0.228315 0.191384 0.1578 0.127147 0.09895 0.0726938 0.0478313 0.0237944 0 
0 0.00840335 0.0166255 0.0245399 0.0319794 0.0387298 0.0445278 0.049064 0.0519927 0.0529475 0.0515657 0.0475189 0.0405523 0.0305302 0.0174852 0.00167124 -0.0163876 -0.0358542 -0.055551 -0.0739557 -0.089228 -0.0992787 -0.101885 -0.0948543 -0.0762342 -0.0445428 0.0009973 0.0602646 0.132117 0.214378 0.303937 0.396972 0.489266 0.576566 0.654952 0.721163 0.772826 0.808582 0.828091 0.831929 0.821415 0.798399 0.76504 0.723612 0.67634 0.625281 0.572256 0.518802 0.466164 0.415305 0.366921 0.321477 0.279235 0.240282 0.204566 0.171917 0.142075 0.114705 0.0894178 0.065779 0.0433242 0.0215654 0 
0 0.00802795 0.0159243 0.0235993 0.0309288 0.0377484 0.0438525 0.0489974 0.0529101 0.0553023 0.0558906 0.054423 0.0507103 0.0446637 0.0363332 0.025948 0.0139526 0.00103512 -0.0118575 -0.0235236 -0.0325375 -0.0373093 -0.0361802 -0.0275492 -0.0100268 0.0173986 0.0552017 0.10319 0.160431 0.225248 0.295299 0.367741 0.439445 0.507253 0.568237 0.619929 0.660489 0.6888 0.704489 0.707864 0.699809 0.681637 0.654934 0.621417 0.582812 0.540752 0.496712 0.451972 0.40759 0.364408 0.323056 0.283972 0.247424 0.213529 0.182281 0.153567 0.127191 0.102887 0.0803352 0.0591746 0.0390116 0.0194305 0 
0 0.00759138 0.0150926 0.0224441 0.0295572 0.0363085 0.0425401 0.0480623 0.0526613 0.0561116 0.0581924 0.0587098 0.0575223 0.0545707 0.0499084 0.0437314 0.0364049 0.0284822 0.0207115 0.0140279 0.00952482 0.00840215 0.0118915 0.0211589 0.037192 0.0606812 0.0919095 0.130666 0.1762 0.227222 0.281972 0.338326 0.393955 0.446509 0.493794 0.533941 0.565525 0.587646 0.599942 0.602564 0.596101 0.581487 0.559889 0.532604 0.500964 0.466256 0.42967 0.392255 0.354902 0.318332 0.283101 0.249611 0.218118 0.188755 0.161545 0.136417 0.113225 0.0917592 0.0717588 0.0529237 0.0349231 0.0174043 0 
0 0.00710276 0.0141505 0.021107 0.0279115 0.0344739 0.0406749 0.0463685 0.051389 0.0555605 0.0587114 0.0606919 0.0613947 0.0607787 0.0588922 0.055896 0.0520821 0.0478862 0.0438903 0.0408129 0.0394838 0.0408022 0.0456776 0.0549565 0.0693398 0.0892976 0.114993 0.146223 0.182389 0.222506 0.265247 0.309023 0.352099 0.392719 0.42924 0.460243 0.484632 0.501684 0.511077 0.512869 0.507453 0.495494 0.477854 0.455509 0.429488 0.400799 0.370396 0.339132 0.307746 0.27685 0.246925 0.218329 0.1913 0.165973 0.142389 0.120508 0.100221 0.0813637 0.0637243 0.0470546 0.031078 0.0154969 0 
0 0.00657349 0.0131213 0.0196245 0.0260437 0.032315 0.03835 0.0440377 0.0492506 0.0538522 0.0577092 0.0607049 0.0627569 0.0638344 0.0639767 0.0633109 0.0620644 0.0605741 0.0592857 0.0587447 0.0595748 0.0624447 0.0680221 0.0769195 0.0896328 0.106481 0.127552 0.152664 0.181346 0.212845 0.24616 0.280103 0.313379 0.344676 0.372759 0.396554 0.415218 0.428181 0.435163 0.436173 0.431472 0.421537 0.407003 0.38861 0.367144 0.3434 0.318131 0.292031 0.265706 0.239669 0.214329 0.189999 0.166895 0.145146 0.124802 0.105843 0.0881913 0.0717166 0.0562482 0.0415817 0.0274868 0.0137136 0 
0 0.00601593 0.0120295 0.0180344 0.0240071 0.029904 0.0356608 0.0411944 0.0464071 0.0511937 0.0554503 0.0590858 0.0620351 0.0642733 0.0658299 0.0668012 0.0673605 0.0677631 0.0683456 0.0695171 0.0717417 0.0755128 0.0813178 0.0895976 0.100702 0.114846 0.132072 0.152223 0.17493 0.199621 0.225541 0.251802 0.277436 0.301461 0.322951 0.341093 0.355241 0.364947 0.36998 0.370319 0.366142 0.35779 0.345733 0.33053 0.312786 0.293119 0.272127 0.250368 0.228335 0.206454 0.185069 0.164449 0.144785 0.126196 0.108734 0.0923957 0.0771223 0.0628133 0.0493309 0.0365075 0.0241521 0.0120562 0 
0 0.00544173 0.0108985 0.0163727 0.0218528 0.0273101 0.0326992 0.0379583 0.0430137 0.047784 0.0521884 0.0561551 0.0596319 0.0625972 0.0650706 0.0671227 0.0688821 0.0705389 0.0723435 0.0745987 0.0776467 0.0818483 0.0875568 0.095088 0.104687 0.116498 0.130536 0.146669 0.164611 0.183926 0.204048 0.224311 0.243993 0.26236 0.278717 0.29245 0.303065 0.310216 0.313711 0.313521 0.309764 0.302688 0.29264 0.280042 0.265361 0.249076 0.231661 0.213559 0.195171 0.176845 0.15887 0.141472 0.124818 0.109013 0.0941104 0.0801128 0.0669795 0.0546317 0.0429589 0.0318241 0.0210698 0.0105228 0 
0 0.00486091 0.00974867 0.0146717 0.0196265 0.024596 0.0295485 0.0344392 0.0392122 0.0438052 0.0481552 0.0522053 0.0559129 0.0592583 0.0622527 0.0649457 0.0674303 0.0698455 0.0723744 0.0752386 0.0786875 0.0829825 0.088378 0.0950983 0.103314 0.113121 0.124518 0.137398 0.151538 0.166609 0.182186 0.197772 0.212827 0.226803 0.239179 0.249494 0.257372 0.262545 0.26486 0.264285 0.2609 0.254883 0.246495 0.236054 0.223917 0.210458 0.196047 0.181038 0.165752 0.150474 0.135441 0.120843 0.10682 0.0934668 0.0808317 0.0689226 0.0577108 0.047135 0.0371067 0.0275147 0.0182296 0.00910866 0 
0 0.00428147 0.00859681 0.012958 0.0173672 0.0218151 0.0262807 0.0307316 0.035126 0.0394164 0.0435535 0.0474921 0.051197 0.05465 0.0578557 0.0608472 0.0636901 0.0664836 0.0693597 0.0724783 0.0760191 0.0801697 0.0851115 0.0910026 0.0979611 0.106049 0.115257 0.125498 0.136602 0.148321 0.160334 0.172273 0.183735 0.194313 0.203616 0.211298 0.217076 0.220742 0.222179 0.221354 0.218323 0.213215 0.206225 0.197593 0.187593 0.176512 0.164643 0.152262 0.139629 0.126971 0.114483 0.10232 0.0906019 0.0794083 0.0687835 0.0587376 0.0492504 0.0402745 0.0317394 0.0235553 0.0156166 0.00780643 0 
0 0.00370931 0.00745549 0.0112522 0.0151049 0.01901 0.0229537 0.0269131 0.0308573 0.03475 0.0385529 0.04223 0.0457524 0.049103 0.0522818 0.0553096 0.0582311 0.0611158 0.0640571 0.0671687 0.0705784 0.0744195 0.0788197 0.0838898 0.0897103 0.0963204 0.103708 0.111803 0.120475 0.129538 0.138755 0.14785 0.156524 0.164476 0.171415 0.177083 0.181265 0.183806 0.184613 0.183659 0.180981 0.176675 0.170885 0.163793 0.155607 0.14655 0.136847 0.126717 0.116364 0.10597 0.0956919 0.0856568 0.0759628 0.0666773 0.0578388 0.0494582 0.0415213 0.0339919 0.026814 0.0199156 0.0132115 0.00660679 0 
0 0.00314821 0.00633306 0.00956831 0.0128612 0.0162114 0.0196106 0.0230426 0.026485 0.0299101 0.0332884 0.0365915 0.0397955 0.0428851 0.0458573 0.048724 0.0515146 0.0542768 0.0570754 0.05999 0.0631101 0.0665293 0.0703365 0.0746082 0.0793987 0.0847321 0.0905951 0.0969329 0.103647 0.110599 0.117612 0.124483 0.130993 0.136917 0.142043 0.146177 0.149161 0.150878 0.151256 0.150274 0.147957 0.144376 0.139637 0.133876 0.127253 0.119936 0.1121 0.103914 0.095537 0.0871136 0.0787679 0.0706024 0.0626962 0.055105 0.0478613 0.0409755 0.0344381 0.0282211 0.0222809 0.0165604 0.0109916 0.00549867 0 
0 0.00259997 0.00523375 0.0079141 0.0106486 0.0134389 0.0162801 0.0191612 0.0220659 0.0249736 0.0278618 0.0307082 0.0334938 0.0362052 0.0388377 0.0413975 0.0439032 0.0463866 0.0488919 0.0514735 0.0541935 0.0571161 0.0603027 0.063805 0.0676591 0.0718792 0.0764528 0.0813371 0.0864599 0.091718 0.0969825 0.102105 0.106926 0.111281 0.115015 0.117987 0.120081 0.121208 0.121317 0.120389 0.118443 0.11553 0.111728 0.107139 0.101882 0.0960829 0.089875 0.0833874 0.0767428 0.0700523 0.0634129 0.056905 0.0505915 0.044517 0.0387079 0.0331738 0.0279081 0.0228899 0.0180854 0.0134504 0.00893165 0.00446954 0 
0 0.0020645 0.00415798 0.00629137 0.00847164 0.0107012 0.0129774 0.0152929 0.017636 0.019992 0.0223439 0.024675 0.0269704 0.0292191 0.0314161 0.0335639 0.035674 0.0377669 0.0398718 0.0420255 0.0442697 0.0466477 0.0492007 0.0519632 0.0549585 0.0581946 0.0616594 0.0653233 0.069133 0.0730136 0.0768724 0.0806035 0.0840926 0.0872233 0.0898839 0.0919736 0.0934085 0.0941257 0.0940867 0.0932783 0.0917132 0.0894273 0.0864777 0.0829381 0.0788949 0.0744422 0.0696773 0.0646966 0.0595916 0.0544459 0.0493328 0.0443134 0.0394358 0.0347346 0.0302305 0.0259316 0.0218336 0.0179209 0.0141685 0.0105429 0.00700375 0.00350572 0 
0 0.0015401 0.00310291 0.00469693 0.00632784 0.00799796 0.00970605 0.0114473 0.0132139 0.0149954 0.0167799 0.0185555 0.0203112 0.0220386 0.0237333 0.025396 0.0270335 0.0286584 0.0302895 0.0319505 0.0336686 0.0354719 0.037387 0.039436 0.0416336 0.0439824 0.0464755 0.0490913 0.0517922 0.0545261 0.0572293 0.0598291 0.0622472 0.0644039 0.0662227 0.0676343 0.0685811 0.0690195 0.0689228 0.0682816 0.0671044 0.0654159 0.0632555 0.0606745 0.0577332 0.0544977 0.0510364 0.0474176 0.0437063 0.0399621 0.0362376 0.0325769 0.0290148 0.0255764 0.0222773 0.0191235 0.0161124 0.0132331 0.0104678 0.00779255 0.00517835 0.00259257 0 
0 0.00102382 0.00206309 0.0031236 0.00420925 0.00532182 0.00646075 0.00762316 0.00880416 0.00999721 0.0111948 0.0123891 0.013573 0.0147409 0.0158898 0.0170196 0.0181338 0.0192401 0.0203495 0.0214761 0.0226362 0.0238467 0.0251235 0.0264796 0.027923 0.0294552 0.0310717 0.0327584 0.0344911 0.0362372 0.0379565 0.0396036 0.0411295 0.0424844 0.0436205 0.0444945 0.0450701 0.04532 0.0452273 0.044786 0.0440013 0.0428887 0.0414729 0.0397863 0.0378672 0.0357574 0.0335007 0.0311408 0.0287192 0.0262745 0.0238405 0.0214458 0.019113 0.0168588 0.0146932 0.0126204 0.010639 0.00874202 0.00691809 0.00515175 0.00342433 0.00171467 0 
0 0.000511844 0.00103142 0.00156159 0.00210434 0.00266057 0.00323005 0.00381143 0.00440235 0.00499966 0.0055997 0.0061987 0.00679319 0.00738042 0.00795883 0.00852832 0.00909057 0.00964905 0.010209 0.0107771 0.0113609 0.0119685 0.0126073 0.0132833 0.014 0.0147582 0.0155556 0.0163849 0.0172345 0.0180885 0.0189275 0.0197296 0.020471 0.0211279 0.021677 0.0220976 0.022372 0.0224871 0.0224347 0.0222118 0.0218208 0.0212692 0.0205689 0.0197357 0.0187881 0.0177464 0.0166321 0.0154663 0.0142696 0.0130606 0.0118562 0.0106703 0.00951412 0.0083959 0.0073207 0.00629066 0.00530509 0.0043607 0.00345191 0.00257117 0.00170932 0.000856 0 
0 0 0 0 0 0 0 0 0 0 0 0 0 0 0 0 0 0 0 0 0 0 0 0 0 0 0 0 0 0 0 0 0 0 0 0 0 0 0 0 0 0 0 0 0 0 0 0 0 0 0 0 0 0 0 0 0 0 0 0 0 0 0 
