0 0 0 0 0 0 0 0 0 0 0 0 0 0 0 0 0 0 0 0 0 0 0 0 0 0 0 0 0 0 0 0 0 0 0 0 0 0 0 0 0 0 0 0 0 0 0 0 0 0 0 0 0 0 0 0 0 0 0 0 0 0 0 
0 -0.00346394 -0.00691617 -0.0103383 -0.0137108 -0.0170128 -0.0202217 -0.0233127 -0.0262587 -0.0290302 -0.031595 -0.0339188 -0.0359652 -0.037696 -0.0390724 -0.0400551 -0.0406061 -0.0406894 -0.0402725 -0.0393282 -0.0378357 -0.0357826 -0.0331661 -0.0299943 -0.0262872 -0.0220776 -0.0174108 -0.0123443 -0.00694714 -0.00129826 0.00451551 0.0104018 0.0162653 0.0220109 0.027546 0.0327835 0.0376449 0.0420594 0.0459742 0.0493403 0.0521249 0.0543081 0.0558819 0.0568494 0.0572233 0.0570244 0.0562806 0.0550248 0.0532936 0.0511261 0.0485624 0.0456425 0.0424061 0.0388912 0.0351339 0.0311685 0.0270267 0.0227382 0.0183305 0.0138293 0.00925872 0.00464159 0 
0 -0.0069641 -0.013905 -0.0207863 -0.0275691 -0.0342121 -0.0406701 -0.0468937 -0.0528286 -0.0584157 -0.0635905 -0.0682841 -0.072423 -0.0759302 -0.0787271 -0.0807343 -0.0818743 -0.0820737 -0.0812662 -0.0793958 -0.0764193 -0.0723107 -0.0670628 -0.0606913 -0.0532357 -0.0447613 -0.0353592 -0.0251456 -0.0142602 -0.00286298 0.00886999 0.0207511 0.0325868 0.0441836 0.0553539 0.0659211 0.0757237 0.0846263 0.0925111 0.0992856 0.104884 0.109267 0.11242 0.114349 0.115081 0.11466 0.113143 0.110596 0.107096 0.102721 0.0975519 0.0916705 0.0851564 0.0780861 0.0705324 0.0625639 0.0542442 0.0456326 0.0367841 0.0277498 0.0185777 0.0093131 0 
0 -0.0105301 -0.0210263 -0.0314344 -0.0416973 -0.0517534 -0.0615354 -0.0709695 -0.0799746 -0.0884615 -0.0963335 -0.103486 -0.109807 -0.115181 -0.119485 -0.1226 -0.124406 -0.124788 -0.123645 -0.120886 -0.116446 -0.110279 -0.102374 -0.0927498 -0.0814656 -0.0686187 -0.054347 -0.0388275 -0.0222737 -0.00493071 0.0129307 0.0310221 0.0490456 0.0667036 0.0837071 0.0997856 0.114693 0.128217 0.140182 0.150447 0.158914 0.165527 0.170264 0.173138 0.174194 0.173501 0.171149 0.167241 0.161894 0.155229 0.147371 0.138445 0.128571 0.117865 0.106439 0.0943935 0.0818259 0.0688247 0.0554718 0.0418434 0.0280108 0.0140413 0 
0 -0.0141909 -0.0283379 -0.0423707 -0.0562145 -0.0697883 -0.0830036 -0.0957626 -0.107957 -0.119469 -0.130167 -0.139912 -0.148551 -0.155926 -0.161872 -0.166222 -0.16881 -0.16948 -0.168085 -0.164502 -0.15863 -0.150407 -0.139807 -0.126855 -0.111623 -0.094243 -0.0748995 -0.0538339 -0.0313382 -0.00774943 0.0165592 0.0411893 0.0657293 0.0897677 0.112906 0.134771 0.155024 0.173376 0.189583 0.203461 0.214878 0.22376 0.230085 0.233876 0.2352 0.234156 0.23087 0.22549 0.218176 0.209097 0.198423 0.186325 0.172967 0.158507 0.143092 0.126861 0.109942 0.0924523 0.0745015 0.0561896 0.0376104 0.0188522 0 
0 -0.0179739 -0.0358957 -0.0536798 -0.0712353 -0.0884634 -0.105255 -0.121489 -0.137032 -0.151734 -0.165431 -0.177946 -0.189085 -0.198645 -0.206414 -0.212174 -0.215709 -0.216811 -0.215288 -0.210969 -0.20372 -0.193447 -0.180111 -0.163732 -0.144397 -0.122268 -0.0975794 -0.0706411 -0.0418303 -0.0115851 0.0196079 0.0512274 0.082735 0.113592 0.143277 0.171303 0.197231 0.220686 0.241356 0.259006 0.273475 0.284676 0.292586 0.297249 0.298757 0.297247 0.29289 0.285883 0.276437 0.264771 0.251108 0.235667 0.218658 0.200282 0.180725 0.160163 0.138755 0.116648 0.0939768 0.0708647 0.0474267 0.0237707 0 
0 -0.0219052 -0.0437517 -0.0654412 -0.0868683 -0.107918 -0.128461 -0.148357 -0.167443 -0.185542 -0.202456 -0.217966 -0.231838 -0.24382 -0.253645 -0.261043 -0.26574 -0.267469 -0.265981 -0.261054 -0.252504 -0.240203 -0.224086 -0.204163 -0.180532 -0.153382 -0.123001 -0.0897711 -0.0541632 -0.016729 0.0219161 0.0611115 0.100173 0.138417 0.175183 0.209854 0.24188 0.270789 0.296198 0.317819 0.335463 0.349032 0.358515 0.363978 0.365552 0.363421 0.35781 0.348971 0.337175 0.3227 0.305825 0.286821 0.265949 0.243453 0.219563 0.194489 0.168422 0.141538 0.113995 0.0859399 0.0575063 0.0288197 0 
0 -0.0260083 -0.051954 -0.0777282 -0.103213 -0.12828 -0.152784 -0.17656 -0.199425 -0.22117 -0.241562 -0.260344 -0.277234 -0.291927 -0.304103 -0.313427 -0.319559 -0.322166 -0.320931 -0.315565 -0.305828 -0.291541 -0.272603 -0.249006 -0.22085 -0.188352 -0.15185 -0.111807 -0.0687993 -0.0235072 0.0233057 0.0708168 0.118173 0.164521 0.209038 0.250961 0.289608 0.324404 0.354884 0.380711 0.401667 0.417651 0.428673 0.434833 0.436312 0.433354 0.426248 0.415315 0.400895 0.383331 0.362966 0.340129 0.315134 0.288274 0.259819 0.230015 0.199087 0.167236 0.134646 0.10148 0.0678916 0.0340202 0 
0 -0.0303043 -0.0605451 -0.0906058 -0.12036 -0.149667 -0.178368 -0.20628 -0.233194 -0.258876 -0.283056 -0.305436 -0.325685 -0.343444 -0.358328 -0.369933 -0.377844 -0.381647 -0.380945 -0.375369 -0.364605 -0.348406 -0.326622 -0.299213 -0.266272 -0.228038 -0.184902 -0.137412 -0.0862659 -0.032291 0.0235752 0.0803191 0.136887 0.192226 0.245322 0.295238 0.341144 0.382345 0.418291 0.44859 0.473002 0.491436 0.503931 0.510639 0.511806 0.507751 0.498845 0.485489 0.468103 0.447109 0.422917 0.395923 0.366496 0.33498 0.301688 0.266904 0.230881 0.193848 0.156008 0.117543 0.0786197 0.0393905 0 
0 -0.0348106 -0.0695604 -0.104129 -0.138386 -0.17218 -0.205343 -0.237675 -0.268948 -0.298898 -0.327223 -0.353582 -0.377594 -0.398838 -0.41686 -0.431179 -0.441292 -0.446692 -0.446883 -0.441399 -0.429829 -0.411842 -0.387214 -0.355857 -0.317844 -0.273427 -0.22305 -0.167355 -0.107175 -0.0435113 0.0224927 0.0895948 0.156501 0.221916 0.284599 0.343407 0.397335 0.445553 0.487418 0.522483 0.550497 0.571388 0.585243 0.592288 0.592854 0.587356 0.576263 0.560076 0.539309 0.51447 0.486051 0.454515 0.420296 0.383788 0.345348 0.305297 0.263917 0.22146 0.178147 0.134175 0.0897209 0.0449453 0 
0 -0.0395406 -0.0790275 -0.118342 -0.15735 -0.195901 -0.233815 -0.270883 -0.306857 -0.34145 -0.374325 -0.4051 -0.43334 -0.458562 -0.480235 -0.497789 -0.510622 -0.518117 -0.51966 -0.514663 -0.502594 -0.483008 -0.455584 -0.420161 -0.376769 -0.325664 -0.267338 -0.202537 -0.132247 -0.0576759 0.0197864 0.0986205 0.177239 0.254053 0.327545 0.396323 0.459181 0.51513 0.563425 0.603571 0.635315 0.658624 0.673662 0.680749 0.680333 0.672948 0.659187 0.639668 0.615016 0.585839 0.552719 0.516197 0.47677 0.434887 0.39095 0.345313 0.298286 0.250142 0.201115 0.151412 0.101218 0.0506955 0 
0 -0.0445029 -0.0889643 -0.133271 -0.177296 -0.220887 -0.263863 -0.306007 -0.347059 -0.386707 -0.424587 -0.460272 -0.493277 -0.523049 -0.548975 -0.570387 -0.586569 -0.596776 -0.600251 -0.596255 -0.584104 -0.563204 -0.533102 -0.493528 -0.444447 -0.386092 -0.319002 -0.244031 -0.162344 -0.075393 0.015133 0.107374 0.199379 0.2892 0.374976 0.455017 0.527872 0.592374 0.647668 0.693217 0.728784 0.754406 0.770353 0.77708 0.775182 0.765346 0.748317 0.724855 0.695714 0.661618 0.623247 0.581225 0.536119 0.488433 0.438611 0.387039 0.334053 0.279939 0.224942 0.169275 0.113122 0.056647 0 
0 -0.0497001 -0.0993771 -0.14893 -0.198242 -0.247169 -0.295534 -0.343117 -0.389649 -0.434804 -0.478189 -0.51934 -0.557716 -0.592696 -0.623579 -0.649588 -0.669879 -0.683555 -0.689691 -0.687364 -0.675694 -0.653896 -0.621336 -0.577592 -0.522521 -0.456309 -0.379525 -0.293135 -0.198513 -0.0974015 0.0081411 0.115832 0.223269 0.328051 0.427895 0.520742 0.604848 0.678841 0.74175 0.79301 0.832431 0.860158 0.876613 0.882431 0.878399 0.865402 0.844365 0.816221 0.781874 0.742177 0.69792 0.649817 0.598504 0.54454 0.48841 0.430529 0.37125 0.31087 0.249639 0.187768 0.125437 0.0628002 0 
0 -0.0551288 -0.11026 -0.165311 -0.220183 -0.274747 -0.328835 -0.382236 -0.434677 -0.485823 -0.535259 -0.582486 -0.626914 -0.667852 -0.704507 -0.735983 -0.761293 -0.779366 -0.789077 -0.789276 -0.778842 -0.756738 -0.72209 -0.674261 -0.612942 -0.538232 -0.4507 -0.351432 -0.242037 -0.124612 -0.00166967 0.123974 0.249347 0.371475 0.487543 0.595038 0.691862 0.776405 0.847582 0.90482 0.948023 0.977498 0.993882 0.998052 0.991047 0.973992 0.948041 0.914326 0.873925 0.827838 0.77697 0.722131 0.664026 0.603268 0.540376 0.475789 0.409871 0.342922 0.27519 0.206877 0.138149 0.0691489 0 
0 -0.0607779 -0.12159 -0.182383 -0.243082 -0.303581 -0.363732 -0.423337 -0.482132 -0.539778 -0.59585 -0.649822 -0.701058 -0.748798 -0.792158 -0.830119 -0.861532 -0.885131 -0.899554 -0.90338 -0.895183 -0.873607 -0.83745 -0.78578 -0.718044 -0.634182 -0.534729 -0.420881 -0.294516 -0.15816 -0.0148983 0.13178 0.27817 0.420567 0.55548 0.679825 0.791076 0.887351 0.967456 1.03086 1.07761 1.10826 1.12376 1.1253 1.11424 1.09201 1.06003 1.01969 0.97224 0.918853 0.860558 0.798255 0.732722 0.664614 0.594481 0.522776 0.449866 0.376046 0.30155 0.226564 0.151235 0.07568 0 
0 -0.0666283 -0.133332 -0.200093 -0.26687 -0.33359 -0.400136 -0.466331 -0.531932 -0.596609 -0.659935 -0.721368 -0.780236 -0.835722 -0.886847 -0.932468 -0.971267 -1.00176 -1.0223 -1.03116 -1.02652 -1.00662 -0.969835 -0.914809 -0.840636 -0.747002 -0.63434 -0.503933 -0.357965 -0.199486 -0.0323022 0.139229 0.310456 0.476726 0.633681 0.777515 0.905177 1.01448 1.10415 1.17374 1.22357 1.25454 1.26802 1.26562 1.24912 1.22032 1.18099 1.13275 1.0771 1.01539 0.948748 0.878187 0.804539 0.728497 0.650628 0.571387 0.491135 0.410148 0.32864 0.246769 0.16465 0.0823719 0 
0 -0.072652 -0.145429 -0.218357 -0.29144 -0.364648 -0.437901 -0.511062 -0.583917 -0.656161 -0.72738 -0.797032 -0.864422 -0.928686 -0.988767 -1.0434 -1.09108 -1.1301 -1.1585 -1.17417 -1.17482 -1.15818 -1.12205 -1.06451 -0.984126 -0.880199 -0.752945 -0.603691 -0.434957 -0.250436 -0.054854 0.146304 0.347141 0.541763 0.724682 0.891173 1.03754 1.16127 1.26102 1.33659 1.38867 1.4187 1.42859 1.42054 1.39684 1.35977 1.31145 1.25385 1.18869 1.11747 1.04149 0.961814 0.879327 0.794746 0.70864 0.621452 0.53352 0.445092 0.356346 0.267402 0.178337 0.0891947 0 
0 -0.0788117 -0.157807 -0.237066 -0.316648 -0.396574 -0.476819 -0.557295 -0.637835 -0.718174 -0.797932 -0.876582 -0.953434 -1.02759 -1.09795 -1.16311 -1.22143 -1.27092 -1.3093 -1.334 -1.34221 -1.33097 -1.29734 -1.23863 -1.15267 -1.03813 -0.894859 -0.724128 -0.528817 -0.313412 -0.0838196 0.152984 0.389454 0.618041 0.831772 1.02474 1.19245 1.33204 1.44221 1.52314 1.57613 1.60338 1.60756 1.59162 1.55852 1.51107 1.45186 1.38317 1.30699 1.225 1.13858 1.04888 0.956812 0.863083 0.768248 0.672722 0.5768 0.480688 0.384514 0.288349 0.192216 0.0961089 0 
0 -0.0850603 -0.170372 -0.256079 -0.342305 -0.429136 -0.516613 -0.604713 -0.693332 -0.782268 -0.871194 -0.959629 -1.04691 -1.13215 -1.2142 -1.2916 -1.36253 -1.42478 -1.4757 -1.51224 -1.53091 -1.52795 -1.49945 -1.44167 -1.35136 -1.22628 -1.06559 -0.87039 -0.643899 -0.391576 -0.120871 0.159255 0.439033 0.708692 0.959272 1.18332 1.37538 1.53223 1.65277 1.73783 1.78967 1.81152 1.80713 1.78041 1.73513 1.67477 1.6024 1.52067 1.43181 1.33764 1.23964 1.13899 1.03658 0.933111 0.829086 0.724866 0.620688 0.516694 0.41295 0.309461 0.206189 0.103065 0 
0 -0.091341 -0.183009 -0.275223 -0.36818 -0.462044 -0.556934 -0.652908 -0.749946 -0.847929 -0.946612 -1.04559 -1.14427 -1.24181 -1.33707 -1.42855 -1.51433 -1.59198 -1.6585 -1.71031 -1.74317 -1.75233 -1.73265 -1.67894 -1.58646 -1.45152 -1.27225 -1.04921 -0.785965 -0.489149 -0.168247 0.1651 0.498085 0.817903 1.11291 1.37363 1.59341 1.7687 1.89893 1.98597 2.03352 2.04631 2.02953 1.98832 1.92745 1.85114 1.763 1.66602 1.56266 1.45483 1.34407 1.23153 1.11806 1.0043 0.890677 0.777465 0.664823 0.552811 0.441414 0.330561 0.220139 0.110006 0 
0 -0.0975875 -0.195586 -0.294297 -0.394002 -0.494952 -0.59736 -0.70138 -0.807097 -0.9145 -1.02346 -1.13368 -1.24468 -1.35572 -1.46574 -1.57326 -1.67633 -1.77238 -1.8581 -1.92936 -1.98114 -2.00749 -2.00172 -1.95673 -1.86563 -1.7226 -1.52401 -1.26948 -0.962706 -0.611805 -0.228965 0.170503 0.569598 0.95132 1.30035 1.60451 1.85568 2.05016 2.18832 2.27381 2.31243 2.31108 2.27687 2.21647 2.13585 2.04002 1.93314 1.8185 1.6987 1.57571 1.45102 1.32569 1.20051 1.07598 0.952428 0.830009 0.708775 0.588685 0.469629 0.351443 0.233929 0.116862 0 
0 -0.103725 -0.207951 -0.313071 -0.419457 -0.52746 -0.637398 -0.749538 -0.86409 -0.981177 -1.10081 -1.22287 -1.34702 -1.47269 -1.59898 -1.72455 -1.84752 -1.96526 -2.07429 -2.17001 -2.24656 -2.2967 -2.31182 -2.28229 -2.19817 -2.05047 -1.83275 -1.54286 -1.18437 -0.767167 -0.307095 0.175453 0.657617 1.11654 1.53182 1.88762 2.17404 2.38753 2.53023 2.60857 2.63156 2.60911 2.55087 2.46545 2.36009 2.24066 2.11177 1.97691 1.83871 1.69906 1.55934 1.42045 1.283 1.14734 1.01363 0.881894 0.752041 0.623909 0.497275 0.371872 0.247405 0.123557 0 
0 -0.10967 -0.219938 -0.331289 -0.444198 -0.559121 -0.676491 -0.796706 -0.920117 -1.04701 -1.17757 -1.31189 -1.44985 -1.59114 -1.73509 -1.88064 -2.02612 -2.16906 -2.30596 -2.43194 -2.54043 -2.6228 -2.66816 -2.66361 -2.59498 -2.44854 -2.2134 -1.88437 -1.4643 -0.965248 -0.408005 0.179936 0.767484 1.32354 1.82063 2.23794 2.56342 2.79421 2.93553 2.99823 2.99606 2.94318 2.85251 2.73493 2.59906 2.45149 2.29712 2.13944 1.98093 1.82328 1.66759 1.51451 1.36441 1.21741 1.07347 0.932437 0.794057 0.658028 0.523999 0.391589 0.260397 0.130008 0 
0 -0.115336 -0.231368 -0.348679 -0.467849 -0.589446 -0.714027 -0.842131 -0.974268 -1.11091 -1.25245 -1.39923 -1.55143 -1.70905 -1.87181 -2.03904 -2.2095 -2.38114 -2.55074 -2.71347 -2.8623 -2.98732 -3.07511 -3.10861 -3.06784 -2.9321 -2.68363 -2.31218 -1.81888 -1.21843 -0.538359 0.183941 0.905839 1.5847 2.18314 2.67361 3.04144 3.28547 3.41596 3.45068 3.41031 3.31483 3.18133 3.0232 2.85036 2.66986 2.48653 2.30359 2.12311 1.94635 1.774 1.60636 1.44344 1.28509 1.13103 0.980875 0.834203 0.690548 0.54942 0.410317 0.272724 0.136125 0 
0 -0.120631 -0.242055 -0.364955 -0.490015 -0.61792 -0.749355 -0.885007 -1.02556 -1.17167 -1.32401 -1.48317 -1.6497 -1.82399 -2.00629 -2.19648 -2.39401 -2.59754 -2.80457 -3.01083 -3.20935 -3.38928 -3.53459 -3.62313 -3.62712 -3.51589 -3.2614 -2.84532 -2.26563 -1.54009 -0.70539 0.187459 1.0799 1.91337 2.63686 3.21367 3.62605 3.87602 3.9819 3.97173 3.87619 3.72306 3.53446 3.32647 3.10991 2.89177 2.67632 2.46608 2.26239 2.06583 1.87652 1.69425 1.51864 1.34918 1.18531 1.0264 0.871822 0.720949 0.573141 0.427766 0.284199 0.141816 0 
0 -0.125462 -0.251811 -0.379827 -0.510297 -0.644017 -0.781804 -0.924493 -1.07294 -1.22803 -1.39068 -1.5618 -1.74233 -1.93317 -2.13514 -2.34891 -2.57483 -2.81268 -3.0612 -3.31736 -3.57503 -3.82313 -4.04313 -4.20701 -4.27688 -4.20841 -3.95877 -3.49768 -2.81785 -1.94064 -0.914787 0.190482 1.29533 2.31993 3.19506 3.87196 4.3293 4.57434 4.63737 4.56123 4.39024 4.16228 3.90539 3.63808 3.37146 3.11165 2.86169 2.62285 2.39536 2.17889 1.9728 1.77627 1.58844 1.4084 1.23526 1.06815 0.906236 0.748699 0.594756 0.443646 0.294631 0.146986 0 
0 -0.12974 -0.260455 -0.393014 -0.5283 -0.667218 -0.810707 -0.959747 -1.11537 -1.27868 -1.45084 -1.6331 -1.82683 -2.03345 -2.2545 -2.49153 -2.74605 -3.01932 -3.31189 -3.62276 -3.94765 -4.27617 -4.58785 -4.84817 -5.0069 -5.00203 -4.77092 -4.26683 -3.47476 -2.42008 -1.16672 0.193002 1.5523 2.80439 3.85696 4.64607 5.14635 5.3728 5.37217 5.20707 4.93954 4.6198 4.28237 3.94772 3.62625 3.32223 3.03669 2.76908 2.51815 2.28242 2.06033 1.8504 1.6512 1.46141 1.27982 1.1053 0.936775 0.773276 0.613869 0.457671 0.303837 0.151547 0 
0 -0.133381 -0.267815 -0.40425 -0.543654 -0.687031 -0.835429 -0.989964 -1.15183 -1.32232 -1.50287 -1.69505 -1.90063 -2.12159 -2.36021 -2.619 -2.90081 -3.20864 -3.54535 -3.91267 -4.30915 -4.72619 -5.14215 -5.5159 -5.78316 -5.86087 -5.66217 -5.11975 -4.20857 -2.9583 -1.45062 0.195014 1.84022 3.34662 4.59475 5.50294 6.04152 6.2355 6.15223 5.87854 5.49751 5.07339 4.64735 4.24101 3.86297 3.5147 3.19447 2.89944 2.6266 2.37314 2.13655 1.91459 1.7053 1.50695 1.31798 1.13702 0.962801 0.794184 0.630107 0.469575 0.311645 0.155413 0 
0 -0.136312 -0.27374 -0.413299 -0.556029 -0.703013 -0.855398 -1.01441 -1.18138 -1.35779 -1.54527 -1.74571 -1.96124 -2.19439 -2.44808 -2.72582 -3.03178 -3.37081 -3.74827 -4.16907 -4.63521 -5.14075 -5.66375 -6.15689 -6.54153 -6.71216 -6.55561 -5.98184 -4.95451 -3.50746 -1.74108 0.196514 2.13368 3.89876 5.34366 6.36798 6.93786 7.08967 6.91343 6.52231 6.02183 5.49063 4.97601 4.49992 4.06832 3.67921 3.32768 3.0084 2.7165 2.44785 2.19897 1.96693 1.74925 1.54382 1.3488 1.16258 0.983737 0.810981 0.643137 0.479119 0.317902 0.15851 0 
0 -0.138469 -0.278102 -0.419963 -0.565146 -0.714796 -0.870129 -1.03246 -1.20323 -1.38405 -1.57674 -1.7834 -2.00649 -2.24893 -2.51425 -2.80676 -3.1318 -3.49588 -3.90665 -4.37207 -4.89757 -5.48008 -6.09798 -6.69892 -7.19152 -7.44983 -7.33632 -6.73974 -5.61299 -3.99351 -1.99866 0.197499 2.39322 4.38677 6.00409 7.12781 7.72049 7.82923 7.56529 7.06617 6.45786 5.8317 5.24006 4.70457 4.2283 3.80581 3.42918 3.09074 2.784 2.50365 2.24539 2.00571 1.78172 1.571 1.37147 1.18136 0.999099 0.823293 0.652681 0.486105 0.32248 0.160776 0 
0 -0.139807 -0.280806 -0.424094 -0.570796 -0.722097 -0.879257 -1.04364 -1.21677 -1.40033 -1.59625 -1.80679 -2.03461 -2.2829 -2.55558 -2.85751 -3.19482 -3.57518 -4.00791 -4.50312 -5.06883 -5.70422 -6.38815 -7.06497 -7.63446 -7.95616 -7.87513 -7.26486 -6.07043 -4.33175 -2.17815 0.197969 2.57365 4.72595 6.46247 7.65386 8.26021 8.33646 8.0091 7.43309 6.74887 6.05667 5.41213 4.8364 4.33031 3.88584 3.49289 3.14215 2.82596 2.53821 2.27406 2.02962 1.80171 1.5877 1.3854 1.19288 1.00852 0.830839 0.658529 0.490385 0.325284 0.162164 0 
0 -0.140295 -0.281794 -0.425598 -0.572849 -0.72474 -0.882549 -1.04766 -1.22161 -1.40612 -1.60317 -1.81505 -2.04449 -2.29479 -2.57 -2.87518 -3.21673 -3.60275 -4.04315 -4.54885 -5.12882 -5.78309 -6.49074 -7.19497 -7.79238 -8.13728 -8.06835 -7.45352 -6.23501 -4.45358 -2.24293 0.197923 2.63834 4.84769 6.62695 7.84243 8.45334 8.51749 8.16694 7.563 6.85137 6.13544 5.47203 4.88205 4.36547 3.91333 3.51472 3.15974 2.8403 2.55003 2.28387 2.0378 1.80856 1.59344 1.39018 1.19685 1.01177 0.833444 0.660551 0.491865 0.326255 0.162644 0 
0 -0.139925 -0.281042 -0.424444 -0.571258 -0.722665 -0.879927 -1.04441 -1.21762 -1.40126 -1.59726 -1.80787 -2.03574 -2.28408 -2.5568 -2.85876 -3.19609 -3.57646 -4.00918 -4.50439 -5.07008 -5.70545 -6.38934 -7.06612 -7.63555 -7.9572 -7.87611 -7.26577 -6.07127 -4.33251 -2.17884 0.197364 2.57313 4.72551 6.46211 7.65358 8.26001 8.33633 8.00905 7.4331 6.74894 6.0568 5.41231 4.83663 4.33058 3.88614 3.49322 3.1425 2.82632 2.53858 2.27443 2.02998 1.80205 1.58803 1.3857 1.19316 1.00876 0.831048 0.6587 0.490515 0.325371 0.162208 0 
0 -0.138705 -0.278572 -0.420661 -0.566065 -0.715928 -0.871464 -1.03399 -1.20493 -1.38592 -1.57875 -1.78554 -2.00875 -2.25128 -2.51668 -2.80925 -3.13433 -3.49842 -3.9092 -4.3746 -4.90006 -5.48252 -6.10035 -6.7012 -7.19371 -7.4519 -7.33826 -6.74156 -5.61466 -3.99503 -2.00002 0.196294 2.39218 4.38589 6.00337 7.12725 7.72008 7.82898 7.56517 7.06619 6.458 5.83196 5.24043 4.70503 4.22884 3.80641 3.42983 3.09143 2.78472 2.50438 2.24611 2.00642 1.78241 1.57165 1.37208 1.18191 0.999586 0.823709 0.653021 0.486363 0.322654 0.160863 0 
0 -0.136664 -0.27444 -0.414339 -0.557398 -0.7047 -0.857386 -1.01668 -1.18392 -1.36057 -1.54827 -1.7489 -1.96461 -2.19789 -2.4517 -2.72953 -3.03554 -3.3746 -3.75206 -4.17283 -4.63893 -5.14439 -5.66728 -6.16029 -6.54478 -6.71524 -6.55851 -5.98455 -4.957 -3.50972 -1.74312 0.19472 2.13213 3.89745 5.34259 6.36715 6.93726 7.08929 6.91326 6.52234 6.02205 5.49101 4.97655 4.5006 4.06912 3.6801 3.32865 3.00943 2.71757 2.44894 2.20005 1.96799 1.75028 1.54479 1.3497 1.1634 0.984463 0.811602 0.643644 0.479504 0.318161 0.15864 0 
0 -0.133847 -0.26874 -0.405623 -0.545463 -0.689258 -0.838055 -0.992965 -1.15518 -1.32599 -1.50683 -1.69927 -1.90507 -2.12622 -2.36499 -2.6239 -2.90578 -3.21365 -3.55036 -3.91765 -4.31405 -4.73098 -5.14681 -5.52039 -5.78746 -5.86494 -5.66601 -5.12332 -4.21186 -2.96129 -1.45331 0.192645 1.83817 3.34489 4.59334 5.50184 6.04072 6.235 6.15201 5.87858 5.4978 5.07391 4.64807 4.24191 3.86402 3.51588 3.19575 2.9008 2.62801 2.37457 2.13798 1.916 1.70666 1.50824 1.31918 1.1381 0.963761 0.795005 0.630776 0.470084 0.311987 0.155585 0 
0 -0.130314 -0.261596 -0.394709 -0.530533 -0.669968 -0.813949 -0.963453 -1.11951 -1.28321 -1.45573 -1.63831 -1.83231 -2.03917 -2.2604 -2.49757 -2.75218 -3.0255 -3.31808 -3.6289 -3.95371 -4.28209 -4.5936 -4.85372 -5.01221 -5.00706 -4.77565 -4.27123 -3.47881 -2.42377 -1.17003 0.190079 1.54977 2.80226 3.85521 4.64471 5.14537 5.37218 5.3719 5.20713 4.9399 4.62043 4.28326 3.94883 3.62755 3.32369 3.03828 2.77076 2.51989 2.28419 2.0621 1.85213 1.65287 1.463 1.2813 1.10664 0.937961 0.774289 0.614696 0.4583 0.30426 0.151759 0 
0 -0.12614 -0.25316 -0.381831 -0.512935 -0.647267 -0.785635 -0.928871 -1.07783 -1.23339 -1.39646 -1.56796 -1.74881 -1.93992 -2.14211 -2.35605 -2.58208 -2.81998 -3.06851 -3.32461 -3.58218 -3.83013 -4.04993 -4.21356 -4.28315 -4.21436 -3.96436 -3.50288 -2.82264 -1.945 -0.918698 0.18703 1.29235 2.31741 3.193 3.87036 4.32814 4.57362 4.63706 4.5613 4.39066 4.16303 3.90644 3.63939 3.373 3.11337 2.86357 2.62484 2.39742 2.18099 1.97489 1.77833 1.59042 1.41028 1.237 1.06974 0.907639 0.749898 0.595734 0.44439 0.295131 0.147237 0 
0 -0.121408 -0.243599 -0.36725 -0.493038 -0.621643 -0.753744 -0.890023 -1.03116 -1.17781 -1.33063 -1.49022 -1.65712 -1.83173 -2.01428 -2.20466 -2.40232 -2.6059 -2.81294 -3.01914 -3.21754 -3.3973 -3.54238 -3.63064 -3.6343 -3.5227 -3.2678 -2.85128 -2.27112 -1.54508 -0.709868 0.183507 1.07648 1.91048 2.6345 3.21184 3.62473 3.87519 3.98154 3.97181 3.87668 3.72392 3.53567 3.32797 3.11168 2.89375 2.67848 2.46837 2.26475 2.06823 1.87892 1.69661 1.52092 1.35134 1.18731 1.02822 0.873431 0.722324 0.574263 0.42862 0.284772 0.142103 0 
0 -0.116206 -0.233096 -0.351247 -0.47123 -0.59361 -0.718937 -0.847743 -0.980533 -1.11777 -1.25986 -1.40712 -1.55974 -1.7177 -1.88074 -2.04819 -2.2188 -2.3905 -2.5601 -2.72277 -2.87147 -2.99629 -3.08382 -3.11701 -3.07587 -2.93971 -2.69079 -2.31884 -1.82502 -1.22401 -0.543366 0.179523 0.902017 1.58148 2.18052 2.67157 3.03997 3.28454 3.41557 3.45077 3.41086 3.31581 3.18268 3.02489 2.85234 2.67208 2.48894 2.30615 2.12576 1.94905 1.77669 1.609 1.44599 1.28751 1.13327 0.982914 0.836006 0.692088 0.550677 0.411272 0.273367 0.136448 0 
0 -0.110625 -0.221835 -0.334108 -0.44791 -0.563693 -0.681881 -0.802866 -0.926994 -1.05454 -1.18571 -1.32055 -1.45897 -1.60064 -1.7449 -1.89069 -2.03632 -2.17933 -2.31623 -2.44215 -2.55049 -2.63264 -2.67772 -2.67282 -2.60379 -2.45689 -2.22126 -1.89168 -1.47103 -0.971372 -0.413499 0.175089 0.763292 1.32001 1.81775 2.2357 2.56181 2.79321 2.93509 2.99834 2.99667 2.94426 2.85401 2.73679 2.60124 2.45394 2.29977 2.14225 1.98385 1.82625 1.67055 1.51742 1.36721 1.22007 1.07594 0.934678 0.796039 0.659721 0.52538 0.392639 0.261104 0.130363 0 
0 -0.104757 -0.210001 -0.316117 -0.423469 -0.532401 -0.643222 -0.756196 -0.871522 -0.989321 -1.1096 -1.23223 -1.35687 -1.48296 -1.60958 -1.73541 -1.85854 -1.97636 -2.08539 -2.18103 -2.25743 -2.30734 -2.32215 -2.29225 -2.20769 -2.0595 -1.84123 -1.55076 -1.19164 -0.773781 -0.313027 0.17022 0.653093 1.11272 1.52871 1.88521 2.17231 2.38645 2.52977 2.6087 2.63223 2.61028 2.55249 2.46747 2.36245 2.24331 2.11465 1.97996 1.84186 1.70227 1.56254 1.42359 1.28604 1.15022 1.0163 0.884321 0.754186 0.625742 0.49877 0.373009 0.24817 0.123941 0 
0 -0.0986878 -0.197772 -0.297545 -0.398279 -0.50022 -0.60357 -0.708478 -0.815021 -0.923183 -1.03283 -1.14366 -1.25519 -1.36667 -1.47704 -1.58483 -1.68808 -1.78422 -1.86994 -1.94112 -1.99272 -2.01882 -2.01273 -1.96734 -1.87578 -1.73222 -1.53305 -1.27789 -0.970455 -0.618852 -0.235284 0.16493 0.564781 0.947261 1.29705 1.60195 1.85384 2.04901 2.18784 2.27396 2.31316 2.31234 2.2786 2.21864 2.13837 2.04286 1.93621 1.82176 1.70207 1.57914 1.45444 1.32906 1.20376 1.07906 0.955281 0.8326 0.711066 0.590643 0.471225 0.352658 0.234746 0.117272 0 
0 -0.0925001 -0.185312 -0.278644 -0.372686 -0.467594 -0.563476 -0.660385 -0.758294 -0.857077 -0.956483 -1.0561 -1.15534 -1.25334 -1.34897 -1.44074 -1.5267 -1.60445 -1.67098 -1.72269 -1.75538 -1.76427 -1.74425 -1.69012 -1.59715 -1.46166 -1.28177 -1.05808 -0.794123 -0.496567 -0.174898 0.159234 0.493016 0.813634 1.10944 1.37094 1.59147 1.7675 1.89843 1.98613 2.03429 2.04764 2.03137 1.99061 1.93012 1.85413 1.76625 1.66946 1.56622 1.45845 1.34769 1.23508 1.12149 1.00754 0.893689 0.780201 0.667242 0.554877 0.4431 0.331843 0.221001 0.110438 0 
0 -0.0862683 -0.172771 -0.259644 -0.347001 -0.434919 -0.523431 -0.612506 -0.702032 -0.791801 -0.88148 -0.970583 -1.05844 -1.14417 -1.22661 -1.3043 -1.37543 -1.43777 -1.4887 -1.52514 -1.54363 -1.54039 -1.51153 -1.45331 -1.3625 -1.23683 -1.07551 -0.87962 -0.652395 -0.399301 -0.127796 0.15315 0.433759 0.704251 0.95566 1.18052 1.37338 1.53099 1.65226 1.73801 1.79049 1.81292 1.80906 1.78281 1.73793 1.6779 1.6058 1.52427 1.43553 1.34142 1.24342 1.14269 1.04016 0.936498 0.832232 0.727723 0.623213 0.518852 0.41471 0.310799 0.207089 0.103517 0 
0 -0.0800579 -0.160282 -0.240744 -0.321493 -0.40254 -0.483853 -0.565334 -0.64681 -0.728009 -0.808543 -0.887883 -0.965331 -1.03999 -1.11075 -1.17622 -1.23473 -1.28432 -1.32271 -1.34731 -1.35533 -1.3438 -1.3098 -1.25064 -1.16415 -1.04902 -0.905089 -0.733645 -0.537576 -0.321374 -0.0909563 0.146694 0.384021 0.61347 0.828056 1.02186 1.1904 1.33077 1.4417 1.52333 1.57699 1.60483 1.60956 1.5941 1.56142 1.51431 1.45537 1.38689 1.31084 1.22891 1.14249 1.05272 0.960509 0.866585 0.771501 0.675675 0.579411 0.482919 0.386334 0.289733 0.193147 0.0965758 0 
0 -0.0739252 -0.147958 -0.222115 -0.296391 -0.370744 -0.445088 -0.519276 -0.593087 -0.66621 -0.738223 -0.808578 -0.876578 -0.941354 -1.00185 -1.05679 -1.10468 -1.1438 -1.1722 -1.18776 -1.18822 -1.17129 -1.13478 -1.07677 -0.995855 -0.891318 -0.763391 -0.613409 -0.443899 -0.258564 -0.0621377 0.139885 0.341599 0.537102 0.720895 0.888247 1.03545 1.15999 1.26051 1.3368 1.38955 1.4202 1.43065 1.42309 1.39982 1.36309 1.31506 1.25766 1.19263 1.12148 1.04549 0.96574 0.883114 0.798333 0.711971 0.624477 0.536194 0.447377 0.35821 0.26882 0.17929 0.0896728 0 
0 -0.0679171 -0.135892 -0.203897 -0.271881 -0.339761 -0.40741 -0.474646 -0.541214 -0.60678 -0.67091 -0.733056 -0.792541 -0.848544 -0.900086 -0.94602 -0.985025 -1.01562 -1.03616 -1.04492 -1.04008 -1.01989 -0.982718 -0.927224 -0.852504 -0.758252 -0.644908 -0.513763 -0.367009 -0.207705 -0.0396662 0.132742 0.304858 0.472019 0.62986 0.774565 0.903076 1.0132 1.10364 1.17396 1.22448 1.25608 1.27012 1.26821 1.25214 1.2237 1.18465 1.13662 1.08111 1.01946 0.952811 0.882173 0.808383 0.732138 0.654009 0.574457 0.493848 0.412467 0.330531 0.248207 0.165617 0.0828571 0 
0 -0.0620703 -0.124158 -0.186198 -0.248107 -0.309769 -0.371027 -0.431675 -0.49144 -0.549978 -0.606856 -0.661542 -0.713396 -0.761656 -0.805433 -0.843707 -0.875328 -0.89903 -0.913453 -0.917177 -0.90878 -0.886907 -0.850365 -0.798225 -0.72994 -0.645457 -0.54532 -0.430731 -0.303577 -0.166393 -0.0222733 0.125285 0.272566 0.415858 0.55166 0.67688 0.788982 0.886077 0.966963 1.0311 1.07853 1.10982 1.12588 1.12792 1.11728 1.09541 1.06372 1.02358 0.976273 0.922948 0.864644 0.802264 0.736587 0.668275 0.597881 0.525863 0.452594 0.378377 0.303451 0.22801 0.152207 0.0761677 0 
0 -0.0564125 -0.11281 -0.1691 -0.225174 -0.280893 -0.336082 -0.390518 -0.443923 -0.495954 -0.54619 -0.594127 -0.63917 -0.680623 -0.717692 -0.749479 -0.774995 -0.793171 -0.80288 -0.802977 -0.792343 -0.769946 -0.734914 -0.686617 -0.624752 -0.549425 -0.461212 -0.361208 -0.251029 -0.13278 -0.00898526 0.117533 0.243792 0.36681 0.483762 0.592126 0.689796 0.775154 0.847107 0.905077 0.948959 0.979057 0.996002 1.00067 0.994088 0.977388 0.951719 0.918211 0.877945 0.831919 0.781042 0.726125 0.667877 0.606914 0.543762 0.478863 0.412588 0.345244 0.277084 0.208317 0.139118 0.0696347 0 
0 -0.0509626 -0.101885 -0.152657 -0.203151 -0.253214 -0.30266 -0.351262 -0.398742 -0.444768 -0.488939 -0.530788 -0.569768 -0.605254 -0.636545 -0.662859 -0.683353 -0.697129 -0.703264 -0.700836 -0.688969 -0.666881 -0.633943 -0.589738 -0.534129 -0.467311 -0.389856 -0.302741 -0.207347 -0.105426 0.000956911 0.109508 0.217818 0.323476 0.424189 0.517892 0.60283 0.677625 0.741299 0.793278 0.833367 0.861707 0.878713 0.885018 0.881406 0.868757 0.847997 0.820057 0.785841 0.746205 0.701938 0.653757 0.602302 0.548137 0.491749 0.433561 0.37393 0.313159 0.251506 0.189188 0.126391 0.0632791 0 
0 -0.0457312 -0.0914046 -0.136897 -0.182072 -0.226768 -0.270797 -0.313932 -0.355906 -0.396401 -0.435047 -0.471411 -0.505003 -0.535268 -0.56159 -0.583299 -0.599678 -0.609982 -0.613455 -0.609361 -0.597017 -0.575835 -0.545364 -0.505342 -0.455736 -0.39679 -0.329048 -0.25337 -0.170931 -0.0831909 0.00815301 0.101232 0.194087 0.284761 0.371384 0.452258 0.525924 0.591206 0.647244 0.693493 0.729711 0.755929 0.772413 0.779614 0.778123 0.768627 0.751866 0.728603 0.699589 0.665551 0.627169 0.585072 0.539827 0.491943 0.44187 0.389998 0.336668 0.282173 0.226764 0.170661 0.114054 0.0571144 0 
0 -0.040722 -0.0813745 -0.121829 -0.161944 -0.201557 -0.240484 -0.278505 -0.315366 -0.350773 -0.384385 -0.415812 -0.444617 -0.470313 -0.492366 -0.510205 -0.523227 -0.530815 -0.532356 -0.527264 -0.515009 -0.495151 -0.467372 -0.431516 -0.387621 -0.335945 -0.276991 -0.21151 -0.140496 -0.0651656 0.0130841 0.0927249 0.172161 0.249797 0.324103 0.393684 0.457321 0.514021 0.563032 0.603852 0.636222 0.660105 0.675659 0.683202 0.683178 0.676119 0.662616 0.643287 0.618757 0.589635 0.556504 0.519908 0.480347 0.438274 0.394094 0.348167 0.300809 0.252296 0.202872 0.152749 0.102116 0.0511463 0 
0 -0.0359319 -0.071788 -0.107439 -0.142745 -0.177549 -0.211672 -0.244909 -0.277024 -0.307747 -0.336771 -0.363749 -0.388297 -0.40999 -0.428373 -0.442962 -0.453254 -0.458742 -0.458931 -0.453356 -0.44161 -0.423363 -0.398398 -0.36663 -0.328138 -0.283179 -0.232204 -0.175863 -0.114995 -0.0506103 0.0161416 0.0840102 0.151693 0.217889 0.281346 0.340915 0.395584 0.444516 0.48706 0.522765 0.551374 0.572809 0.587154 0.594631 0.59557 0.590381 0.579533 0.563526 0.542874 0.518087 0.489656 0.45805 0.423703 0.387013 0.348342 0.308014 0.266319 0.223511 0.17982 0.135447 0.0905761 0.0453744 0 
0 -0.0313524 -0.0626272 -0.0936997 -0.124436 -0.154686 -0.184284 -0.213041 -0.240743 -0.267147 -0.29198 -0.314938 -0.335689 -0.353868 -0.369089 -0.380946 -0.389024 -0.392909 -0.392204 -0.386543 -0.375612 -0.359171 -0.337071 -0.309277 -0.275888 -0.237146 -0.193451 -0.145357 -0.0935672 -0.0389171 0.0176489 0.0751099 0.132405 0.188473 0.242294 0.292921 0.339521 0.381389 0.417971 0.448868 0.473836 0.49278 0.505732 0.512844 0.514359 0.510593 0.501915 0.488728 0.471449 0.450502 0.4263 0.399238 0.369691 0.338005 0.304495 0.269452 0.233133 0.195771 0.157576 0.118736 0.0794215 0.0397927 0 
0 -0.0269701 -0.0538647 -0.0805673 -0.106953 -0.132885 -0.158213 -0.182765 -0.206352 -0.228759 -0.24975 -0.269063 -0.286413 -0.301491 -0.313976 -0.323531 -0.329816 -0.332498 -0.331259 -0.325815 -0.315926 -0.301415 -0.282187 -0.258236 -0.229667 -0.196703 -0.159688 -0.11909 -0.0754908 -0.0295784 0.0178772 0.0660469 0.114071 0.161088 0.206271 0.248848 0.288132 0.32354 0.354604 0.38098 0.402446 0.418898 0.43034 0.436871 0.438669 0.435976 0.429079 0.4183 0.403978 0.386457 0.366082 0.343183 0.318076 0.291059 0.262403 0.232361 0.20116 0.169007 0.136089 0.102578 0.0686296 0.0343904 0 
0 -0.0227675 -0.0454649 -0.0679868 -0.0902213 -0.112047 -0.133329 -0.15392 -0.173654 -0.192347 -0.209798 -0.225784 -0.240068 -0.252394 -0.262497 -0.270102 -0.274935 -0.276731 -0.27524 -0.270241 -0.261555 -0.249053 -0.232675 -0.212434 -0.188432 -0.160865 -0.130023 -0.0962936 -0.0601551 -0.0221642 0.0170578 0.0568442 0.0965049 0.13535 0.172712 0.207971 0.240568 0.270027 0.295959 0.318073 0.336175 0.350163 0.360023 0.365819 0.367678 0.365785 0.360361 0.351659 0.339951 0.325514 0.308629 0.289569 0.268596 0.245959 0.221888 0.196599 0.170286 0.14313 0.115293 0.0869271 0.05817 0.0291526 0 
0 -0.0187239 -0.0373855 -0.0558936 -0.0741513 -0.0920543 -0.109488 -0.126327 -0.142433 -0.157651 -0.171816 -0.184744 -0.196241 -0.206101 -0.21411 -0.22005 -0.223704 -0.224864 -0.223337 -0.218956 -0.211587 -0.20114 -0.187576 -0.17092 -0.151263 -0.128769 -0.103679 -0.0763069 -0.0470341 -0.0163042 0.0153909 0.0475249 0.0795538 0.110934 0.141138 0.169675 0.196101 0.220034 0.24116 0.259238 0.274106 0.285671 0.293909 0.298861 0.300617 0.299313 0.29512 0.288232 0.278861 0.267228 0.253556 0.238065 0.220968 0.202468 0.182754 0.162004 0.140382 0.118037 0.0951094 0.0717259 0.0480057 0.0240611 0 
0 -0.0148156 -0.029579 -0.0442148 -0.0586435 -0.0727795 -0.0865298 -0.0997927 -0.112456 -0.124398 -0.135485 -0.145574 -0.154511 -0.162136 -0.168282 -0.172781 -0.175468 -0.176185 -0.174788 -0.171152 -0.165181 -0.156812 -0.146022 -0.132839 -0.117338 -0.099654 -0.0799756 -0.0585478 -0.0356668 -0.0116739 0.0130535 0.0381125 0.0630872 0.0875617 0.111133 0.133424 0.154092 0.172843 0.18943 0.203664 0.215413 0.224599 0.231197 0.235229 0.236759 0.235887 0.232736 0.227455 0.220204 0.211152 0.20047 0.188331 0.174899 0.160334 0.144787 0.128399 0.111301 0.0936132 0.075448 0.0569093 0.0380942 0.019095 0 
0 -0.011017 -0.0219934 -0.0328715 -0.0435902 -0.0540843 -0.0642833 -0.07411 -0.0834803 -0.0923025 -0.100477 -0.107898 -0.114452 -0.120019 -0.12448 -0.127711 -0.129593 -0.130013 -0.128866 -0.126067 -0.121548 -0.115268 -0.107214 -0.0974097 -0.0859155 -0.0728315 -0.0582984 -0.0424964 -0.025642 -0.0079837 0.0102044 0.0286303 0.0469929 0.0649909 0.0823324 0.0987432 0.113975 0.12781 0.14007 0.150613 0.159339 0.166188 0.171138 0.1742 0.175417 0.174858 0.17261 0.16878 0.163481 0.156837 0.148973 0.140014 0.130081 0.119295 0.107764 0.0955965 0.0828887 0.0697323 0.0562117 0.042406 0.028389 0.0142311 0 
0 -0.00730064 -0.0145736 -0.0217797 -0.0288777 -0.0358235 -0.0425697 -0.0490646 -0.055252 -0.0610708 -0.066455 -0.071334 -0.0756332 -0.0792748 -0.0821792 -0.0842666 -0.0854594 -0.0856841 -0.0848749 -0.0829759 -0.0799452 -0.0757574 -0.0704068 -0.0639104 -0.0563094 -0.0476708 -0.0380878 -0.0276787 -0.0165852 -0.00496976 0.00698925 0.0191018 0.0311721 0.0430043 0.0544084 0.0652058 0.0752342 0.0843519 0.0924403 0.0994064 0.105183 0.10973 0.113029 0.115088 0.115932 0.115603 0.114158 0.111665 0.108198 0.103837 0.0986633 0.0927589 0.0862044 0.0790774 0.0714521 0.0633983 0.0549813 0.0462621 0.0372973 0.02814 0.0188399 0.00944468 0 
0 -0.00363809 -0.00726215 -0.0108523 -0.0143879 -0.0178466 -0.0212047 -0.0244361 -0.0275127 -0.030404 -0.0330771 -0.0354969 -0.0376262 -0.0394265 -0.0408584 -0.0418826 -0.0424608 -0.0425571 -0.0421392 -0.0411801 -0.0396594 -0.0375652 -0.0348954 -0.0316588 -0.0278764 -0.0235818 -0.0188212 -0.0136533 -0.0081484 -0.00238649 0.00354437 0.00955057 0.0155356 0.0214031 0.0270592 0.0324161 0.0373936 0.0419214 0.045941 0.0494059 0.0522826 0.0545504 0.0562004 0.0572349 0.0576663 0.0575151 0.0568089 0.0555805 0.0538665 0.0517062 0.0491398 0.0462079 0.0429504 0.039406 0.0356115 0.0316017 0.0274094 0.023065 0.0185969 0.0140318 0.00939487 0.00470989 0 
0 0 0 0 0 0 0 0 0 0 0 0 0 0 0 0 0 0 0 0 0 0 0 0 0 0 0 0 0 0 0 0 0 0 0 0 0 0 0 0 0 0 0 0 0 0 0 0 0 0 0 0 0 0 0 0 0 0 0 0 0 0 0 
